7019
7920
8031
8712
9042
9269
9276
9280
9263
9274
9267
9279
9271
9278
9266
9299
9293
9292
9296
9286
9295
9285
9284
9288
9283
9297
9291
9298
9294
9302
9321
9320
9309
9305
9330
9315
9323
9312
9319
9311
9328
9313
9331
9327
9306
9322
9317
9314
9329
9318
9325
9316
9326
9310
9324
9337
9338
9339
9335
9341
9340
9342
9343
9344
9346
9348
9345
9349
9347
9364
9369
9358
9354
9368
9350
9356
9360
9355
9365
9357
9376
9380
9371
9377
9370
9373
9378
9374
9372
9375
9366
9381
9363
9379
9367
9385
9389
9390
9388
9394
9391
9392
9397
9396
9399
9387
9393
9398
9395
9406
9417
9419
9418
9430
9415
9434
9436
9447
9441
9443
9439
9438
9442
9435
9446
9437
9444
9445
9440
9448
9546
9589
9597
9923
10099
10098
10487
10492
10494
10493
10496
10498
10499
10549
10545
10619
11126
12447
12449
12439
12537
12543
12782
13010
13095
13419
13436
13435
13440
13438
13439
13441
13445
13444
13446
13447
13448
13449
13788
13793
13825
13900
13902
13948
13945
3792
3842
3840
3828
6391
6785
6787
6788
6789
6790
6791
6792
6793
6794
6795
6798
6797
6799
7920
9042
9263
9266
9267
9269
9271
9274
9276
9278
9279
9280
9283
9284
9285
9286
9288
9291
9292
9293
9294
9295
9296
9297
9298
9299
9302
9306
9305
9309
9310
9311
9312
9313
9314
9316
9315
9317
9318
9320
9321
9322
9323
9324
9325
9326
9327
9328
9329
9330
9319
9335
9337
9339
9340
9342
9341
9343
9344
9345
9346
9347
9348
9349
9350
9338
9354
9355
9356
9357
9358
9360
9363
9365
9366
9367
9331
9368
9369
9371
9370
9372
9373
9375
9374
9376
9377
9378
9380
9379
9381
9364
9385
9387
9388
9389
9390
9391
9392
9393
9394
9396
9397
9398
9399
9395
9406
9415
9417
9418
9419
9430
9434
9435
9436
9437
9438
9439
9440
9441
9442
9443
9444
9445
9446
9447
9448
9546
9589
9597
10098
10099
10493
10494
10496
10498
10492
10499
10487
10545
10549
12447
12449
12537
12543
13419
13435
13436
13438
13439
13440
13441
13444
13445
13446
13447
13448
13449
13788
13793
14485
14844
14844
14842
14843
14843
14842
14845
14845
14846
14847
14846
14847
14849
14849
15573
15573
15595
15595
15598
15598
15662
15794
15874
15958
16110
16445
16445
16549
16549
17665
17665
17686
17692
17690
17689
17687
17691
17688
17686
17690
17693
17695
17694
17687
17691
17692
17689
17688
17695
17693
17694
17697
17696
17697
17696
17699
17699
17847
17847
17898
17898
19648
19692
19692
19813
21048
21048
21097
21097
21213
21340
21340
21821
21953
22356
22356
22492
22741
22741
23598
23598
24712
24898
24954
25210
25351
25351
25635
25838
26018
26343
26585
27069
27073
27063
27077
27073
27077
27063
27069
27084
27089
27086
27094
27091
27085
27084
27094
27086
27087
27088
27093
27091
27090
27085
27089
27095
27093
27087
27090
27088
27095
27097
27097
27096
27099
27096
27098
27099
27098
28648
28648
28683
28683
29669
29669
29720
29705
29729
29713
29716
29720
29722
29731
29716
29713
29729
29705
29731
29722
29732
29734
29732
29735
29733
29734
29738
29736
29737
29735
29741
29733
29742
29736
29737
29739
29743
29738
29741
29740
29742
29747
29746
29744
29743
29745
29749
29748
29739
29740
29746
29744
29747
29749
29745
29748
29763
29759
29778
29774
29773
29769
29771
29760
29775
29763
29776
29779
29756
29766
29761
29768
29772
29777
29767
29765
29780
29781
29773
29771
29778
29776
29774
29759
29779
29769
29777
29760
29772
29768
29756
29781
29761
29775
29780
29767
29766
29765
29785
29783
29787
29786
29782
29784
29789
29782
29790
29783
29788
29786
29787
29789
29784
29785
29790
29791
29792
29788
29791
29792
29793
29795
29793
29795
29799
29797
29797
29799
29798
29796
29794
29798
29794
29796
29805
29805
29809
29815
29801
29810
29818
29812
29816
29803
29831
29825
29806
29828
29824
29830
29814
29822
29813
29820
29829
29827
29823
29811
29819
29821
29808
29815
29809
29830
29810
29812
29814
29829
29820
29806
29801
29818
29813
29816
29831
29824
29825
29822
29819
29821
29823
29827
29803
29811
29828
29808
29832
29834
29832
29833
29835
29834
29833
29835
29837
29839
29848
29841
29838
29848
29839
29842
29849
29844
29841
29840
29836
29845
29847
29837
29843
29838
29846
29844
29845
29849
29840
29847
29842
29836
29843
29846
29854
29867
29858
29866
29873
29861
29872
29859
29863
29860
29853
29870
29868
29869
29878
29855
29877
29871
29862
29865
29858
29856
29875
29857
29879
29864
29854
29876
29881
29880
29863
29878
29873
29859
29861
29866
29860
29867
29879
29875
29881
29869
29877
29871
29855
29870
29857
29872
29853
29864
29862
29865
29868
29876
29856
29880
29882
29882
29883
29884
29883
29888
29885
29886
29884
29887
29886
29888
29891
29885
29892
29887
29891
29889
29894
29892
29894
29889
29890
29893
29898
29899
29897
29895
29896
29890
29898
29897
29895
29893
29899
29896
29904
29909
29907
29903
29911
29912
29916
29902
29904
29907
29919
29911
29906
29903
29908
29927
29905
29917
29909
29920
29910
29916
29930
29908
29919
29917
29913
29925
29902
29922
29927
29923
29921
29912
29910
29928
29926
29920
29905
29929
29924
29930
29906
29925
29923
29926
29928
29931
29924
29915
29929
29914
29918
29913
29931
29915
29914
29918
29922
29921
29937
29935
29932
29934
29933
29940
29945
29936
29941
29939
29944
29937
29943
29938
29942
29935
29936
29947
29932
29933
29946
29944
29945
29941
29942
29939
29949
29934
29943
29948
29938
29940
29946
29947
29949
29948
29954
29951
29975
29953
29957
29960
29970
29979
29963
29951
29962
29976
29972
29955
29954
29964
29957
29961
29975
29978
29973
29963
29976
29958
29970
29974
29969
29964
29968
29971
29967
29981
29966
29977
29965
29956
29960
29953
29972
29962
29980
29958
29955
29961
29979
29978
29974
29981
29967
29973
29966
29980
29965
29971
29956
29977
29968
29969
29988
29989
29996
29987
29997
29994
29990
29992
29991
29995
29986
29985
29998
29984
29993
29999
29989
29990
29992
29996
29997
29991
29984
29999
29988
29998
29985
29986
29993
29987
29994
29995
30003
30014
30011
30003
30014
30011
30023
30004
30016
30010
30017
30009
30021
30005
30015
30018
30006
30029
30007
30012
30013
30008
30026
30030
30031
30024
30020
30028
30025
30027
30022
30019
30023
30010
30012
30016
30017
30030
30008
30020
30021
30005
30029
30025
30007
30004
30031
30006
30026
30009
30024
30028
30022
30015
30027
30019
30018
30013
30033
30032
30034
30033
30035
30032
30034
30035
30038
30039
30036
30037
30041
30043
30040
30038
30036
30037
30043
30039
30041
30040
30047
30042
30049
30045
30047
30045
30049
30042
30046
30044
30048
30046
30044
30048
30076
30056
30059
30078
30071
30061
30058
30073
30066
30077
30080
30074
30051
30052
30056
30067
30063
30068
30055
30069
30057
30071
30059
30076
30081
30078
30068
30058
30073
30077
30067
30057
30061
30055
30066
30080
30081
30051
30052
30063
30074
30069
30084
30084
30086
30087
30085
30086
30087
30089
30093
30090
30085
30091
30088
30089
30093
30090
30099
30096
30095
30091
30088
30097
30092
30096
30098
30094
30099
30095
30097
30092
30098
30094
30125
30125
30133
30132
30134
30132
30134
30133
30135
30137
30135
30136
30139
30137
30136
30140
30141
30139
30138
30142
30141
30143
30138
30142
30140
30144
30143
30146
30144
30146
30145
30147
30145
30147
30148
30148
30149
30149
30131
30131
30108
30108
30113
30113
30105
30105
30126
30126
30155
30170
30158
30151
30175
30155
30151
30152
30154
30177
30158
30157
30165
30172
30162
30169
30178
30153
30163
30180
30171
30167
30176
30174
30170
30175
30177
30178
30163
30169
30153
30165
30174
30180
30154
30162
30157
30171
30172
30176
30152
30167
30182
30182
30187
30184
30186
30185
30189
30183
30188
30187
30184
30186
30185
30183
30189
30188
30191
30190
30194
30193
30197
30191
30190
30193
30194
30199
30198
30192
30197
30195
30196
30198
30199
30192
30195
30196
30181
30181
30920
31001
31001
31143
31143
31198
31198
31295
31749
31749
31999
32146
32146
32443
32443
32469
32598
32598
32895
32895
32857
32917
33028
33320
33752
33806
33806
34334
34339
34336
34339
34336
34347
34347
35026
35226
35001
35230
35578
35857
35863
35949
35949
35922
35901
36029
36029
36039
36042
36048
36044
36041
36049
36045
36047
36042
36048
36039
36049
36044
36047
36045
36041
36075
36071
36065
36080
36062
36077
36054
36069
36076
36071
36075
36062
36065
36080
36076
36069
36077
36054
36088
36085
36088
36085
36092
36091
36089
36090
36092
36091
36089
36090
36096
36098
36098
36096
36097
36097
36099
36099
36498
36498
36648
36648
36734
36734
36742
36745
36747
36749
36748
36744
36742
36745
36747
36748
36749
36744
36740
36740
36717
36717
36754
36772
36754
36772
36782
36783
36782
36784
36783
36784
36794
36790
36786
36793
36790
36794
36786
36791
36787
36795
36793
36791
36795
36787
36792
36792
36789
36785
36796
36788
36798
36797
36789
36798
36785
36796
36788
36797
36799
36799
36780
36774
36780
36774
37028
37012
37010
37028
37012
37010
37032
37032
37034
37033
37035
37034
37033
37038
37035
37037
37036
37036
37037
37038
37041
37045
37044
37043
37048
37039
37040
37042
37046
37047
37041
37044
37049
37045
37048
37043
37039
37042
37046
37040
37047
37049
37061
37062
37052
37065
37078
37062
37057
37060
37061
37052
37065
37076
37066
37053
37051
37067
37078
37051
37073
37060
37059
37069
37074
37068
37063
37064
37077
37071
37079
37072
37081
37055
37053
37076
37066
37075
37070
37054
37057
37067
37081
37069
37071
37059
37063
37054
37075
37077
37072
37070
37055
37074
37079
37068
37073
37064
37082
37085
37084
37086
37082
37084
37085
37086
37090
37087
37089
37091
37088
37092
37083
37095
37093
37094
37097
37096
37083
37095
37088
37092
37099
37098
37090
37089
37096
37094
37097
37093
37091
37099
37087
37098
37104
37100
37104
37101
37100
37112
37105
37123
37105
37101
37123
37124
37107
37112
37120
37128
37119
37107
37120
37128
37119
37124
37117
37110
37116
37108
37121
37102
37106
37125
37126
37109
37113
37129
37118
37131
37111
37115
37127
37114
37130
37122
37117
37115
37125
37129
37111
37118
37113
37108
37131
37122
37110
37116
37126
37109
37130
37106
37121
37114
37102
37127
37138
37141
37149
37133
37137
37146
37140
37148
37145
37139
37147
37143
37135
37146
37141
37138
37140
37137
37147
37139
37132
37135
37143
37142
37136
37148
37149
37133
37145
37132
37142
37136
37162
37154
37174
37167
37154
37162
37174
37157
37153
37179
37169
37160
37177
37165
37156
37164
37176
37168
37180
37153
37173
37166
37163
37175
37181
37167
37176
37179
37173
37157
37177
37165
37175
37156
37164
37166
37169
37181
37163
37180
37160
37168
37182
37183
37182
37184
37185
37183
37186
37184
37185
37186
37193
37188
37189
37193
37192
37197
37190
37188
37191
37196
37194
37187
37197
37189
37192
37190
37196
37191
37199
37187
37195
37198
37194
37199
37195
37198
37170
37170
37207
37206
37209
37207
37220
37228
37204
37214
37215
37230
37216
37217
37227
37224
37209
37223
37212
37221
37211
37219
37218
37226
37204
37228
37229
37220
37222
37231
37230
37225
37214
37206
37215
37227
37218
37212
37216
37221
37217
37211
37229
37226
37223
37231
37225
37224
37219
37222
37233
37232
37233
37232
37234
37236
37241
37242
37237
37246
37245
37249
37243
37238
37244
37248
37247
37234
37241
37242
37237
37245
37246
37236
37243
37249
37244
37238
37248
37247
37240
37235
37240
37235
37239
37239
37296
37296
37297
37298
37298
37297
37299
37299
37354
37374
37367
37362
37371
37381
37372
37368
37369
37352
37370
37365
37374
37355
37379
37366
37380
37359
37377
37361
37360
37376
37373
37375
37356
37378
37354
37362
37381
37372
37371
37368
37352
37367
37365
37370
37369
37356
37379
37376
37361
37375
37380
37366
37373
37360
37378
37359
37355
37377
37382
37382
37384
37386
37385
37384
37386
37387
37383
37388
37385
37387
37383
37388
37391
37389
37390
37390
37391
37389
37394
37398
37393
37395
37397
37396
37392
37394
37399
37398
37393
37395
37392
37396
37397
37399
37417
37420
37402
37411
37418
37415
37420
37402
37417
37411
37418
37429
37407
37413
37401
37415
37400
37406
37409
37422
37424
37412
37404
37408
37421
37426
37431
37430
37410
37403
37427
37423
37416
37404
37427
37407
37406
37400
37429
37423
37408
37410
37426
37421
37431
37412
37416
37401
37413
37403
37409
37422
37430
37424
37436
37433
37432
37434
37435
37433
37435
37436
37434
37432
37439
37437
37437
37438
37446
37439
37446
37438
37440
37448
37442
37445
37447
37441
37444
37443
37449
37442
37448
37440
37445
37447
37441
37444
37443
37449
37478
37475
37466
37479
37454
37466
37478
37471
37472
37475
37465
37454
37468
37470
37473
37481
37461
37471
37463
37460
37479
37474
37473
37456
37477
37469
37476
37481
37468
37470
37474
37476
37460
37461
37477
37465
37456
37463
37472
37469
37482
37486
37484
37482
37489
37486
37489
37484
37483
37485
37487
37491
37488
37490
37492
37499
37496
37498
37497
37485
37494
37493
37495
37487
37491
37483
37492
37488
37490
37496
37494
37499
37498
37495
37493
37497
37506
37524
37510
37501
37505
37510
37506
37524
37514
37505
37501
37514
37530
37509
37520
37526
37518
37517
37513
37522
37527
37519
37521
37504
37515
37516
37512
37529
37511
37507
37525
37528
37500
37531
37502
37523
37530
37513
37511
37516
37525
37504
37529
37521
37522
37500
37517
37519
37531
37527
37512
37515
37518
37507
37509
37502
37528
37520
37523
37526
37533
37536
37532
37535
37534
37537
37536
37533
37535
37532
37534
37537
37543
37544
37549
37539
37538
37542
37541
37540
37545
37547
37546
37548
37549
37543
37538
37539
37544
37540
37542
37545
37541
37546
37548
37547
37550
37557
37550
37553
37557
37559
37554
37553
37558
37554
37559
37558
37563
37565
37555
37567
37569
37556
37564
37562
37563
37565
37572
37571
37567
37556
37569
37568
37555
37574
37579
37581
37560
37576
37580
37573
37575
37562
37564
37577
37578
37561
37566
37571
37572
37574
37581
37561
37568
37575
37579
37580
37566
37576
37560
37577
37578
37573
37582
37582
37583
37584
37583
37584
37588
37587
37586
37585
37588
37587
37586
37585
37590
37591
37594
37589
37593
37590
37591
37594
37589
37592
37593
37592
37596
37599
37596
37595
37598
37597
37599
37595
37598
37597
37610
37617
37622
37604
37618
37616
37610
37617
37604
37616
37622
37618
37613
37611
37614
37602
37625
37629
37615
37606
37607
37609
37619
37605
37623
37630
37612
37608
37603
37628
37631
37614
37625
37606
37607
37629
37623
37619
37611
37603
37615
37609
37613
37631
37630
37612
37628
37608
37605
37602
37635
37637
37636
37637
37635
37638
37636
37638
37639
37634
37642
37643
37641
37640
37639
37634
37642
37643
37641
37640
37644
37649
37645
37647
37648
37646
37649
37645
37644
37648
37647
37646
37650
37650
37655
37652
37662
37651
37655
37652
37662
37651
37680
37667
37654
37659
37677
37653
37656
37671
37669
37674
37679
37660
37664
37657
37681
37673
37675
37665
37658
37654
37667
37669
37670
37666
37671
37660
37681
37659
37680
37656
37679
37676
37678
37668
37673
37653
37674
37677
37663
37658
37672
37664
37657
37675
37661
37670
37666
37676
37663
37665
37678
37668
37661
37672
37682
37682
37686
37684
37686
37684
37685
37683
37687
37685
37683
37687
37691
37688
37690
37694
37689
37699
37696
37692
37695
37693
37697
37698
37690
37691
37688
37689
37692
37694
37695
37693
37697
37696
37698
37699
37710
37707
37710
37709
37707
37709
37721
37700
37702
37704
37729
37717
37727
37720
37706
37731
37723
37713
37703
37726
37701
37730
37714
37711
37712
37719
37722
37721
37718
37702
37700
37717
37720
37706
37727
37729
37730
37713
37723
37703
37714
37701
37712
37711
37726
37731
37722
37704
37719
37718
37732
37734
37733
37732
37734
37733
37735
37736
37735
37736
37738
37737
37739
37747
37746
37742
37740
37741
37745
37744
37749
37748
37743
37737
37738
37742
37739
37740
37746
37745
37748
37741
37749
37744
37747
37743
37774
37759
37761
37773
37772
37776
37770
37759
37777
37762
37763
37775
37774
37771
37769
37772
37776
37756
37779
37770
37777
37761
37755
37758
37764
37768
37780
37765
37781
37766
37778
37767
37754
37773
37771
37762
37756
37758
37764
37767
37754
37775
37780
37781
37778
37755
37765
37768
37779
37763
37766
37769
37782
37783
37782
37783
37784
37785
37784
37785
37787
37789
37789
37787
37790
37786
37793
37788
37794
37792
37795
37797
37791
37790
37793
37786
37788
37792
37794
37795
37797
37791
37798
37799
37796
37798
37796
37799
37809
37804
37824
37809
37804
37806
37825
37813
37814
37824
37822
37820
37803
37802
37821
37816
37810
37817
37818
37828
37805
37819
37811
37801
37829
37823
37800
37807
37808
37831
37812
37815
37826
37828
37825
37818
37821
37814
37822
37808
37826
37800
37817
37815
37810
37820
37831
37805
37819
37806
37802
37803
37823
37829
37811
37801
37816
37812
37807
37813
37832
37834
37833
37835
37832
37834
37833
37835
37836
37836
37844
37841
37844
37841
37842
37837
37846
37842
37839
37847
37837
37838
37840
37845
37843
37838
37849
37839
37847
37846
37840
37848
37845
37849
37848
37843
37857
37857
37856
37863
37865
37866
37855
37861
37862
37852
37869
37870
37853
37864
37877
37879
37873
37859
37871
37854
37867
37860
37868
37878
37872
37876
37858
37863
37881
37874
37856
37862
37865
37877
37859
37870
37853
37855
37864
37852
37869
37866
37878
37860
37879
37861
37867
37873
37868
37872
37858
37874
37876
37871
37854
37881
37882
37883
37882
37883
37884
37889
37885
37884
37889
37886
37888
37885
37897
37898
37888
37886
37898
37897
37896
37890
37899
37891
37892
37894
37895
37896
37887
37893
37891
37899
37894
37890
37892
37895
37893
37887
37907
37930
37911
37926
37922
37906
37923
37918
37930
37922
37907
37929
37926
37924
37921
37931
37927
37908
37902
37912
37906
37911
37921
37923
37918
37909
37920
37910
37913
37931
37927
37924
37929
37908
37902
37912
37910
37909
37913
37920
37932
37937
37939
37945
37941
37934
37940
37944
37948
37937
37939
37932
37941
37945
37940
37948
37944
37934
37936
37947
37949
37946
37935
37943
37947
37949
37936
37943
37946
37935
37942
37938
37933
37942
37933
37938
37970
37966
37970
37972
37957
37966
37972
37957
37959
37976
37968
37979
37956
37967
37981
37958
37959
37968
37976
37953
37975
37969
37964
37956
37965
37955
37962
37979
37952
37969
37981
37954
37958
37975
37962
37953
37964
37965
37954
37952
37955
37967
37963
37963
37986
37982
37985
37983
37984
37982
37986
37985
37984
37983
37987
37987
37989
37989
37992
37991
37988
37992
37996
37991
37988
37996
37999
37994
37997
37995
37998
37994
37999
37997
37998
37995
38003
38002
38007
38003
38000
38007
38002
38008
38005
38010
38000
38006
38020
38009
38011
38017
38021
38010
38030
38018
38019
38016
38020
38025
38008
38024
38027
38028
38022
38013
38012
38026
38006
38014
38015
38018
38005
38024
38027
38017
38021
38009
38028
38014
38016
38022
38012
38030
38013
38025
38019
38026
38011
38015
38033
38040
38036
38038
38034
38035
38041
38039
38037
38045
38043
38042
38044
38049
38046
38048
38032
38047
38036
38033
38040
38041
38039
38042
38037
38045
38032
38034
38038
38044
38046
38035
38043
38048
38047
38049
38054
38062
38057
38064
38068
38061
38059
38078
38063
38054
38070
38057
38076
38079
38071
38060
38061
38072
38080
38077
38068
38073
38075
38066
38067
38062
38064
38059
38074
38078
38063
38076
38060
38075
38079
38072
38071
38070
38073
38077
38066
38080
38074
38067
38082
38083
38084
38082
38083
38084
38085
38086
38088
38087
38092
38090
38089
38095
38091
38093
38085
38088
38086
38090
38092
38087
38089
38095
38093
38091
38098
38099
38094
38098
38097
38096
38094
38099
38096
38097
38112
38129
38109
38108
38103
38106
38114
38112
38119
38129
38109
38108
38103
38106
38114
38107
38130
38115
38123
38113
38125
38126
38119
38107
38104
38105
38130
38128
38126
38116
38113
38124
38123
38115
38125
38105
38104
38116
38124
38128
38145
38140
38142
38133
38144
38147
38139
38149
38141
38134
38136
38143
38135
38148
38146
38138
38140
38144
38145
38142
38133
38139
38141
38149
38147
38136
38135
38146
38143
38148
38134
38138
38122
38117
38122
38117
38271
38273
38254
38254
38281
38269
38265
38273
38258
38279
38276
38278
38277
38269
38271
38265
38281
38278
38276
38277
38279
38258
38283
38282
38284
38285
38287
38283
38282
38288
38286
38285
38287
38284
38288
38286
38291
38292
38289
38297
38295
38296
38290
38298
38294
38293
38299
38296
38292
38291
38295
38297
38290
38298
38289
38299
38293
38294
38301
38308
38300
38308
38301
38300
38313
38327
38307
38321
38327
38307
38313
38324
38321
38305
38303
38304
38311
38305
38306
38319
38302
38316
38324
38331
38318
38320
38328
38304
38326
38325
38330
38314
38315
38312
38310
38317
38311
38303
38316
38320
38302
38318
38330
38326
38314
38319
38331
38310
38328
38317
38306
38312
38315
38325
38334
38334
38335
38332
38337
38335
38332
38337
38336
38340
38333
38338
38343
38339
38341
38342
38336
38340
38333
38343
38339
38338
38341
38342
38347
38347
38345
38349
38344
38345
38344
38349
38359
38353
38360
38374
38353
38355
38359
38360
38361
38374
38358
38355
38367
38362
38372
38380
38379
38366
38368
38363
38378
38365
38362
38372
38358
38379
38375
38370
38368
38376
38369
38356
38364
38373
38367
38361
38371
38381
38365
38380
38366
38376
38364
38375
38363
38356
38370
38373
38369
38381
38378
38371
38384
38383
38382
38384
38382
38383
38385
38387
38387
38385
38389
38388
38386
38395
38390
38398
38397
38396
38392
38394
38391
38393
38399
38398
38396
38386
38394
38395
38390
38392
38388
38393
38391
38389
38399
38397
38417
38418
38421
38400
38428
38402
38422
38415
38423
38413
38425
38401
38426
38407
38417
38418
38421
38422
38402
38428
38401
38423
38413
38415
38426
38407
38400
38425
38432
38432
38433
38434
38435
38433
38434
38435
38439
38441
38437
38444
38439
38448
38445
38441
38444
38437
38440
38446
38443
38447
38445
38436
38442
38449
38438
38440
38448
38447
38443
38446
38436
38442
38438
38449
38427
38427
38430
38430
38454
38450
38452
38459
38453
38455
38467
38461
38454
38452
38450
38467
38453
38459
38451
38476
38457
38462
38455
38468
38470
38463
38461
38469
38475
38457
38471
38456
38460
38466
38462
38472
38480
38465
38477
38476
38473
38468
38470
38474
38451
38469
38463
38456
38475
38466
38471
38472
38480
38473
38465
38460
38477
38474
38485
38484
38486
38487
38488
38484
38485
38486
38487
38488
38489
38492
38490
38489
38491
38492
38490
38491
38495
38493
38494
38498
38496
38493
38497
38495
38499
38494
38498
38497
38496
38499
38523
38529
38521
38520
38531
38528
38523
38529
38520
38528
38521
38531
38532
38533
38534
38535
38539
38536
38532
38534
38535
38539
38533
38536
38543
38542
38541
38543
38542
38541
38548
38538
38545
38540
38537
38540
38538
38548
38545
38537
38544
38549
38546
38547
38544
38549
38547
38546
38550
38550
38551
38555
38554
38553
38556
38551
38555
38554
38553
38556
38552
38559
38563
38557
38558
38552
38559
38569
38576
38562
38573
38571
38567
38561
38565
38572
38560
38564
38566
38568
38558
38579
38578
38580
38581
38574
38575
38557
38562
38576
38563
38572
38571
38560
38567
38561
38573
38578
38569
38566
38570
38577
38568
38579
38580
38564
38575
38581
38574
38577
38565
38570
38585
38588
38586
38583
38584
38587
38588
38585
38586
38583
38584
38587
38597
38592
38594
38595
38590
38593
38599
38597
38596
38591
38592
38590
38594
38595
38593
38599
38596
38591
38598
38598
38604
38610
38614
38605
38604
38610
38614
38605
38608
38600
38621
38607
38622
38624
38629
38603
38602
38608
38601
38623
38620
38618
38617
38615
38619
38630
38616
38628
38609
38606
38612
38625
38626
38631
38613
38600
38602
38615
38603
38623
38622
38621
38607
38617
38601
38618
38606
38624
38630
38613
38625
38629
38631
38626
38620
38612
38609
38616
38619
38628
38633
38632
38635
38633
38632
38635
38634
38634
38636
38637
38636
38637
38639
38641
38640
38638
38639
38641
38638
38644
38642
38640
38649
38642
38644
38649
38647
38645
38643
38647
38643
38645
38675
38652
38662
38665
38657
38659
38668
38674
38673
38669
38653
38672
38667
38658
38654
38680
38664
38681
38661
38655
38662
38652
38670
38679
38676
38671
38678
38657
38666
38665
38659
38675
38668
38672
38658
38673
38653
38674
38654
38669
38655
38679
38661
38681
38670
38671
38676
38678
38680
38664
38666
38667
38682
38682
38683
38686
38684
38687
38689
38688
38687
38684
38683
38686
38689
38688
38685
38694
38693
38696
38690
38695
38691
38699
38685
38692
38697
38698
38694
38693
38695
38696
38690
38691
38698
38699
38692
38697
38706
38722
38711
38708
38722
38706
38721
38715
38704
38724
38727
38705
38703
38708
38711
38719
38713
38726
38707
38717
38719
38703
38721
38723
38705
38727
38715
38717
38707
38724
38704
38713
38726
38723
38734
38735
38740
38736
38737
38744
38738
38742
38739
38745
38735
38746
38749
38734
38740
38747
38737
38736
38738
38741
38743
38742
38744
38739
38747
38748
38746
38749
38745
38741
38743
38748
38753
38760
38753
38762
38771
38763
38769
38756
38757
38754
38761
38768
38751
38760
38762
38779
38758
38766
38755
38771
38761
38768
38763
38770
38754
38751
38773
38776
38778
38764
38756
38779
38781
38769
38757
38774
38765
38780
38767
38777
38755
38766
38775
38758
38772
38778
38770
38773
38776
38764
38777
38780
38765
38767
38775
38774
38781
38772
38782
38782
38783
38785
38783
38786
38787
38785
38786
38787
38790
38792
38790
38789
38793
38795
38791
38792
38794
38798
38797
38796
38799
38793
38789
38795
38798
38791
38796
38797
38794
38799
38800
38806
38803
38801
38813
38800
38806
38803
38802
38805
38813
38801
38812
38802
38805
38824
38822
38820
38814
38815
38819
38821
38827
38811
38826
38810
38807
38828
38808
38818
38831
38829
38809
38816
38804
38825
38823
38817
38811
38830
38821
38825
38804
38831
38814
38827
38822
38817
38829
38809
38812
38824
38816
38826
38818
38819
38807
38815
38808
38828
38820
38830
38823
38810
38832
38834
38836
38837
38835
38838
38833
38834
38832
38836
38838
38833
38837
38835
38839
38839
38842
38841
38840
38849
38841
38842
38840
38849
38847
38843
38846
38844
38845
38848
38847
38844
38843
38846
38845
38848
38870
38878
38862
38853
38863
38860
38872
38874
38878
38862
38870
38853
38863
38872
38860
38874
38854
38865
38854
38865
38881
38876
38855
38866
38876
38855
38881
38866
38873
38851
38873
38851
38871
38871
38868
38850
38868
38864
38879
38850
38864
38879
38859
38859
38856
38857
38858
38861
38856
38857
38858
38869
38861
38869
38875
38875
38882
38884
38882
38884
38883
38885
38886
38890
38887
38888
38889
38886
38891
38892
38887
38889
38883
38885
38892
38890
38891
38888
38893
38896
38893
38894
38896
38895
38867
38895
38894
38867
38899
38897
38898
38898
38899
38897
38909
38907
38902
38928
38920
38907
38909
38902
38905
38930
38916
38923
38928
38913
38915
38920
38905
38916
38921
38925
38930
38929
38931
38926
38910
38911
38923
38922
38925
38915
38913
38926
38921
38931
38910
38911
38929
38922
38932
38932
38933
38933
38936
38940
38939
38937
38934
38938
38936
38939
38940
38937
38935
38934
38938
38946
38941
38947
38943
38944
38935
38942
38945
38943
38946
38947
38941
38944
38942
38945
38949
38948
38949
38948
38961
38952
38957
38960
38962
38958
38968
38967
38960
38961
38957
38952
38962
38958
38968
38972
38969
38971
38964
38974
38980
38959
38973
38975
38967
38970
38966
38969
38965
38981
38977
38963
38959
38972
38971
38964
38974
38970
38975
38966
38980
38973
38965
38981
38977
38963
38986
38989
38982
38990
38984
38988
38983
38987
38985
38982
38988
38986
38990
38989
38983
38991
38987
38984
38985
38993
38994
38992
38991
38995
38993
38994
38992
38998
38997
38999
38995
38996
38999
38997
38998
38996
39015
39015
39016
39007
39016
39007
39026
39017
39011
39030
39025
39022
39018
39010
39027
39031
39014
39021
39025
39028
39030
39026
39020
39011
39010
39017
39031
39022
39027
39014
39018
39028
39021
39020
39024
39024
39013
39006
39013
39006
39019
39029
39019
39029
39004
39004
39033
39032
39034
39033
39034
39032
39035
39036
39035
39036
39039
39037
39038
39039
39040
39037
39038
39044
39041
39043
39048
39023
39046
39040
39042
39045
39044
39041
39048
39023
39049
39047
39043
39046
39045
39042
39049
39047
39051
39059
39051
39057
39052
39064
39061
39053
39059
39062
39069
39056
39054
39073
39067
39061
39057
39064
39053
39063
39068
39075
39062
39052
39076
39055
39066
39056
39058
39071
39069
39080
39077
39072
39081
39054
39070
39065
39060
39073
39078
39074
39067
39071
39055
39066
39080
39063
39075
39072
39081
39070
39060
39078
39068
39074
39058
39076
39077
39065
39084
39086
39085
39088
39084
39086
39092
39089
39088
39093
39090
39085
39095
39092
39089
39091
39093
39097
39087
39098
39094
39095
39099
39087
39097
39090
39096
39091
39099
39094
39098
39096
39144
39143
39149
39142
39139
39140
39132
39134
39133
39145
39137
39148
39144
39139
39143
39149
39137
39133
39140
39132
39134
39148
39145
39142
39160
39175
39161
39167
39169
39166
39160
39157
39173
39164
39174
39159
39171
39163
39168
39170
39156
39175
39161
39169
39167
39181
39154
39172
39176
39158
39159
39178
39177
39165
39179
39156
39180
39174
39163
39173
39157
39164
39170
39171
39181
39168
39154
39178
39172
39177
39166
39176
39158
39179
39165
39180
39182
39182
39183
39184
39183
39185
39184
39189
39185
39187
39189
39191
39188
39187
39186
39191
39190
39192
39188
39190
39186
39192
39196
39199
39197
39195
39193
39194
39196
39199
39197
39195
39193
39194
39198
39198
39203
39202
39203
39202
39210
39210
39204
39215
39208
39213
39209
39217
39205
39204
39215
39206
39226
39223
39219
39214
39209
39220
39225
39217
39213
39216
39227
39228
39207
39211
39231
39218
39221
39208
39226
39205
39223
39206
39212
39220
39225
39214
39219
39227
39216
39211
39207
39231
39221
39228
39212
39218
39233
39232
39233
39232
39234
39235
39235
39234
39237
39238
39236
39237
39239
39238
39236
39242
39239
39241
39244
39243
39240
39247
39246
39249
39248
39245
39241
39242
39244
39247
39248
39240
39245
39243
39249
39246
39275
39261
39253
39260
39267
39254
39256
39278
39261
39260
39254
39275
39256
39253
39267
39278
39284
39284
39289
39287
39288
39290
39292
39294
39289
39288
39287
39292
39290
39294
39298
39297
39299
39297
39298
39299
39291
39293
39291
39293
39286
39286
39295
39283
39296
39295
39283
39296
39262
39280
39264
39280
39262
39264
39300
39309
39302
39312
39311
39304
39305
39309
39300
39302
39311
39308
39310
39303
39312
39305
39301
39326
39320
39306
39330
39304
39317
39307
39324
39313
39316
39329
39327
39323
39315
39314
39308
39321
39318
39322
39331
39325
39319
39303
39328
39301
39330
39310
39324
39326
39313
39317
39306
39307
39320
39318
39314
39327
39328
39322
39316
39331
39329
39319
39315
39325
39323
39321
39334
39334
39336
39335
39337
39338
39339
39342
39340
39343
39341
39335
39338
39337
39339
39345
39347
39343
39340
39336
39341
39342
39344
39346
39348
39347
39345
39349
39344
39348
39346
39349
39362
39353
39354
39364
39366
39380
39376
39357
39362
39353
39354
39366
39357
39380
39364
39376
39381
39378
39373
39369
39359
39360
39363
39355
39370
39379
39352
39356
39358
39375
39374
39372
39371
39361
39377
39368
39367
39365
39359
39367
39369
39379
39355
39374
39358
39371
39368
39352
39381
39370
39361
39375
39377
39372
39356
39373
39378
39360
39363
39365
39382
39389
39386
39382
39384
39385
39388
39387
39389
39383
39386
39390
39384
39385
39388
39387
39383
39390
39391
39391
39396
39399
39392
39394
39397
39395
39398
39393
39397
39394
39395
39396
39398
39399
39393
39392
39400
39404
39400
39405
39409
39408
39403
39406
39410
39407
39418
39430
39422
39423
39408
39405
39404
39413
39419
39414
39412
39415
39427
39417
39428
39421
39406
39407
39409
39411
39423
39429
39430
39420
39426
39425
39416
39403
39431
39424
39410
39422
39413
39419
39418
39414
39415
39425
39416
39421
39426
39412
39424
39427
39429
39417
39428
39411
39431
39420
39432
39432
39434
39436
39434
39433
39435
39439
39436
39439
39433
39435
39438
39438
39440
39441
39437
39443
39444
39446
39442
39449
39440
39443
39441
39444
39437
39449
39446
39442
39447
39445
39448
39447
39445
39448
39572
39562
39572
39562
39579
39579
39585
39585
39597
39590
39589
39592
39593
39588
39595
39594
39596
39598
39599
39597
39592
39590
39589
39593
39596
39595
39594
39588
39598
39599
39695
39695
39661
40066
40074
40073
40070
40071
40059
40078
40074
40066
40071
40073
40079
40064
40065
40070
40076
40081
40077
40075
40061
40059
40078
40081
40077
40064
40079
40061
40076
40065
40075
40088
40083
40086
40085
40091
40090
40093
40088
40092
40083
40094
40096
40098
40091
40090
40097
40095
40085
40086
40099
40096
40093
40092
40094
40098
40097
40099
40095
40243
40243
40526
40640
40643
40640
40643
40646
40647
40648
40647
40646
40648
40678
40663
40666
40662
40672
40673
40677
40675
40674
40669
40665
40681
40672
40666
40663
40678
40662
40673
40677
40669
40674
40665
40675
40681
40683
40689
40690
40691
40683
40692
40694
40691
40688
40689
40687
40693
40690
40692
40694
40688
40693
40687
40695
40695
40696
40696
40697
40698
40698
40697
40699
40699
40891
40893
40892
40890
40891
40894
40893
40892
40895
40890
40894
40895
40896
40896
40897
40898
40899
40897
40898
40899
40941
40939
40941
40937
40949
40946
40947
40943
40948
40944
40949
40937
40939
40946
40943
40944
40947
40948
41050
41215
41215
41438
41438
41447
41444
41445
41442
41449
41448
41444
41447
41445
41446
41449
41448
41446
41442
41676
41676
41842
41842
41849
41849
41899
41899
42093
42093
42798
42798
42849
42849
42833
43076
43069
43073
43079
43062
43071
43065
43074
43078
43076
43069
43073
43078
43062
43079
43074
43065
43071
43085
43086
43087
43088
43089
43087
43085
43086
43090
43088
43089
43092
43090
43092
43091
43093
43094
43096
43095
43097
43098
43094
43096
43093
43095
43091
43097
43098
43125
43129
43126
43115
43108
43112
43131
43127
43125
43108
43129
43126
43112
43127
43131
43115
43136
43135
43142
43137
43136
43135
43139
43140
43141
43138
43144
43143
43142
43146
43148
43145
43137
43141
43147
43149
43140
43139
43143
43144
43148
43147
43146
43145
43149
43138
43155
43172
43174
43155
43173
43163
43179
43164
43168
43166
43160
43171
43157
43165
43177
43175
43169
43178
43180
43181
43164
43167
43170
43172
43173
43160
43175
43179
43157
43163
43168
43174
43165
43166
43169
43178
43176
43170
43167
43177
43171
43181
43180
43176
43184
43186
43185
43184
43188
43187
43186
43185
43188
43189
43191
43187
43191
43189
43196
43193
43192
43198
43196
43193
43198
43192
43194
43197
43195
43199
43197
43194
43199
43195
43219
43228
43223
43217
43222
43231
43219
43228
43223
43222
43217
43231
43235
43234
43240
43237
43236
43239
43235
43236
43237
43234
43244
43239
43245
43241
43240
43242
43247
43248
43246
43243
43249
43245
43241
43248
43244
43247
43249
43246
43243
43242
43285
43287
43286
43291
43288
43289
43285
43287
43286
43292
43290
43293
43288
43289
43291
43292
43290
43295
43294
43293
43297
43295
43294
43297
43296
43296
43299
43298
43299
43298
43253
43253
43307
43327
43319
43322
43306
43302
43318
43329
43326
43315
43316
43319
43305
43304
43312
43313
43331
43317
43328
43327
43307
43323
43306
43318
43302
43322
43315
43329
43331
43313
43316
43328
43304
43312
43305
43326
43323
43317
43332
43332
43334
43333
43334
43337
43333
43340
43337
43341
43336
43342
43339
43346
43335
43340
43345
43338
43347
43348
43336
43345
43341
43344
43343
43342
43339
43347
43338
43349
43344
43343
43348
43335
43346
43349
43324
43449
43446
43449
43446
43516
43511
43514
43516
43508
43522
43518
43520
43511
43530
43531
43528
43521
43507
43519
43515
43505
43503
43527
43526
43524
43523
43502
43525
43529
43514
43518
43508
43528
43521
43519
43530
43531
43525
43520
43507
43505
43522
43503
43515
43526
43524
43527
43523
43502
43529
43532
43532
43534
43536
43534
43535
43533
43536
43537
43538
43535
43533
43537
43542
43540
43539
43538
43541
43544
43543
43539
43540
43542
43541
43546
43549
43543
43547
43544
43549
43546
43547
43545
43545
43552
43552
43550
43562
43556
43555
43557
43565
43563
43566
43570
43550
43578
43554
43575
43559
43560
43556
43571
43581
43553
43573
43567
43576
43569
43558
43568
43564
43574
43580
43577
43562
43555
43561
43578
43570
43579
43572
43557
43565
43566
43563
43560
43554
43575
43558
43581
43573
43576
43564
43559
43577
43553
43568
43579
43561
43572
43569
43571
43567
43574
43580
43582
43582
43583
43584
43583
43585
43584
43585
43588
43591
43587
43594
43586
43590
43592
43593
43596
43595
43589
43591
43587
43588
43596
43593
43590
43586
43599
43594
43595
43598
43592
43589
43599
43598
43597
43597
43600
43600
43603
43604
43614
43617
43613
43614
43604
43603
43617
43613
43610
43619
43608
43609
43612
43625
43618
43627
43607
43622
43629
43626
43621
43606
43624
43619
43631
43605
43616
43623
43627
43608
43628
43611
43612
43630
43615
43610
43606
43620
43616
43609
43622
43631
43625
43620
43623
43618
43629
43605
43630
43628
43626
43607
43611
43615
43621
43624
43632
43635
43636
43632
43635
43633
43634
43636
43637
43633
43634
43638
43639
43637
43638
43640
43639
43640
43641
43641
43645
43643
43642
43644
43648
43646
43644
43645
43642
43643
43648
43646
43647
43649
43647
43649
43650
43652
43650
43652
43659
43661
43658
43674
43663
43655
43664
43661
43654
43656
43662
43670
43659
43663
43664
43654
43658
43662
43656
43655
43670
43674
43678
43673
43672
43679
43673
43679
43678
43672
43671
43660
43677
43667
43675
43669
43681
43657
43665
43668
43666
43680
43676
43660
43675
43677
43669
43667
43657
43665
43681
43671
43680
43668
43676
43666
43682
43682
43683
43683
43687
43685
43684
43687
43684
43691
43686
43693
43690
43694
43685
43689
43688
43693
43692
43691
43694
43686
43695
43690
43688
43689
43692
43695
43696
43696
43699
43698
43697
43698
43699
43697
43702
43701
43700
43705
43701
43706
43711
43717
43702
43723
43705
43700
43717
43711
43706
43729
43709
43710
43720
43728
43715
43703
43724
43721
43716
43707
43730
43723
43704
43719
43709
43729
43725
43726
43722
43727
43718
43715
43713
43731
43707
43703
43728
43704
43719
43708
43710
43720
43712
43716
43730
43721
43722
43724
43727
43713
43714
43725
43708
43712
43726
43718
43731
43714
43736
43734
43737
43736
43735
43742
43738
43739
43740
43734
43741
43744
43735
43737
43742
43740
43746
43748
43749
43739
43741
43746
43744
43743
43747
43749
43738
43745
43748
43743
43747
43745
43753
43751
43753
43751
43759
43758
43757
43756
43767
43762
43759
43758
43750
43776
43756
43755
43779
43764
43765
43778
43767
43768
43760
43777
43772
43773
43769
43771
43761
43774
43766
43776
43780
43754
43781
43770
43750
43763
43752
43775
43757
43778
43762
43773
43764
43779
43755
43766
43780
43781
43768
43777
43774
43761
43772
43763
43770
43769
43775
43760
43754
43765
43771
43752
43782
43783
43784
43782
43783
43784
43785
43786
43785
43786
43787
43788
43787
43788
43790
43792
43792
43796
43795
43790
43789
43798
43793
43796
43795
43798
43789
43793
43797
43799
43794
43799
43797
43791
43794
43791
43803
43801
43803
43806
43804
43809
43801
43806
43805
43804
43809
43810
43808
43816
43805
43810
43825
43820
43808
43812
43813
43814
43819
43831
43818
43813
43825
43820
43817
43831
43827
43826
43823
43830
43807
43818
43824
43811
43815
43829
43819
43828
43822
43816
43821
43817
43807
43815
43830
43812
43814
43823
43826
43827
43822
43811
43828
43824
43829
43821
43834
43832
43835
43833
43832
43834
43837
43833
43835
43836
43837
43840
43838
43836
43839
43841
43838
43840
43839
43841
43842
43844
43842
43845
43843
43844
43843
43846
43845
43847
43846
43847
43848
43849
43848
43849
43859
43860
43859
43861
43872
43860
43877
43850
43875
43878
43861
43872
43877
43878
43850
43875
43868
43868
43881
43854
43881
43854
43880
43879
43870
43865
43880
43870
43865
43879
43866
43855
43857
43873
43858
43871
43869
43862
43867
43876
43855
43857
43869
43873
43866
43871
43858
43862
43867
43876
43852
43851
43853
43864
43874
43852
43851
43853
43864
43874
43882
43884
43884
43882
43889
43883
43887
43890
43886
43883
43889
43888
43885
43892
43891
43887
43886
43893
43890
43888
43892
43885
43893
43891
43896
43894
43897
43895
43896
43894
43897
43895
43898
43899
43898
43899
43902
43901
43905
43900
43904
43902
43924
43905
43901
43904
43908
43900
43924
43908
43903
43914
43911
43906
43913
43912
43903
43911
43914
43906
43912
43913
43926
43909
43923
43921
43907
43926
43920
43915
43909
43916
43922
43927
43925
43928
43929
43921
43931
43930
43919
43920
43910
43925
43923
43915
43917
43929
43916
43918
43931
43922
43919
43930
43928
43917
43910
43918
43907
43927
43935
43932
43937
43936
43938
43935
43932
43937
43940
43938
43936
43940
43939
43944
43943
43942
43939
43943
43946
43944
43945
43941
43942
43946
43945
43941
43947
43947
43949
43948
43949
43948
43957
43952
43960
43953
43957
43952
43960
43965
43971
43950
43955
43953
43974
43950
43965
43955
43971
43974
43970
43980
43961
43964
43962
43954
43951
43972
43979
43981
43967
43973
43977
43958
43963
43966
43959
43956
43968
43969
43980
43961
43976
43978
43975
43958
43979
43970
43963
43967
43956
43972
43981
43964
43962
43966
43973
43977
43978
43951
43969
43975
43954
43976
43968
43959
43984
43983
43984
43982
43987
43990
43989
43988
43986
43983
43985
43989
43982
43986
43990
43987
43988
43985
43992
43993
43992
43993
43996
43995
43991
43996
43999
43991
43997
43994
43995
43998
43999
43997
43994
43998
44048
44036
44033
44035
44048
44042
44043
44036
44033
44035
44042
44043
44038
44041
44039
44044
44040
44049
44034
44032
44046
44038
44039
44041
44040
44044
44047
44049
44032
44046
44047
44034
43142
43142
43144
43144
43145
43145
43148
43148
43147
43147
43149
43149
43175
43164
43167
43175
43167
43164
43178
43178
43180
43181
43173
43180
43181
43171
43154
43173
43171
43170
43154
43160
43151
43170
43155
43160
43151
43155
43165
43165
43183
43182
43183
43159
43174
43182
43161
43186
43184
43185
43174
43179
43157
43161
43162
43159
43186
43157
43179
43189
43184
43185
43188
43189
43187
43162
43188
43187
43193
43190
43194
43193
43190
43191
43194
43191
43195
43196
43197
43198
43196
43195
43197
43198
43214
43206
43220
43222
43220
43214
43206
43207
43222
43207
43227
43224
43213
43221
43227
43224
43213
43221
43216
43216
43208
43208
43232
43217
43232
43217
43202
43202
43210
43205
43229
43223
43228
43231
43211
43219
43234
43215
43233
43211
43210
43229
43236
43228
43235
43223
43205
43231
43215
43219
43234
43238
43236
43233
43235
43237
43238
43243
43237
43243
43245
43245
43241
43241
43246
43246
43247
43249
43248
43249
43247
43248
43129
43129
44220
44724
44724
44742
44710
44733
44728
44728
44733
44742
44710
44707
44720
44739
44708
44707
44720
44708
44739
44740
44712
44740
44712
44727
44706
44735
44727
44706
44735
45945
45945
49468
49468
49965
49965
51379
51379
51377
51377
51373
51373
51368
51368
51363
51363
51369
51369
51399
51380
51398
51394
51359
51399
51380
51359
51398
51394
51389
51389
51396
51396
51358
51374
51387
51358
51374
51387
51356
51356
51353
51353
51436
51404
51436
51404
51443
51443
51402
51408
51402
51408
51406
51400
51406
51400
51447
51409
51407
51447
51409
51407
51414
51446
51444
51414
51427
51434
51429
51431
51423
51444
51446
51427
51417
51434
51429
51431
51423
51417
51405
51405
51415
51415
51435
51430
51435
51430
51425
51425
51401
51401
51413
51413
51438
51438
51416
51416
51412
51445
51411
51420
51412
51411
51445
51439
51422
51420
51439
51422
51437
51428
51437
51410
51428
51418
51424
51440
51410
51418
51449
51424
51440
51449
51432
51432
51421
51421
51453
51453
51493
51488
51455
51488
51493
51487
51455
51492
51478
51487
51471
51492
51478
51471
51499
51480
51499
51480
51489
51489
51479
51498
51479
51498
51475
51475
51476
51474
51476
51474
51491
51491
51495
51495
51494
51494
51517
51517
51544
51544
51545
51545
51548
51548
51535
51535
51592
51592
51587
51599
51597
51595
51587
51580
51593
51570
51595
51597
51593
51580
51599
51570
51559
51559
51668
51693
51668
51693
51683
51683
51698
51698
51699
51699
51806
51807
51807
51806
51842
51829
51818
51838
51842
51829
51840
51818
51838
51840
51822
51822
51809
51803
51814
51809
51803
51814
51804
51837
51815
51826
51808
51837
51845
51825
51826
51823
51839
51808
51815
51845
51832
51804
51823
51839
51825
51832
51848
51848
51834
51844
51834
51844
51817
51817
51847
51827
51841
51816
51821
51847
51827
51824
51841
51813
51835
51821
51816
51824
51813
51835
51819
51819
51810
51811
51812
51810
51811
51812
51831
51849
51831
51849
51899
51899
51862
51862
51890
51890
51875
51875
51889
51866
51877
51882
51889
51891
51866
51877
51882
51891
51870
51873
51887
51898
51876
51873
51892
51896
51898
51887
51870
51876
51892
51896
51894
51894
51929
51920
51915
51929
51930
51920
51915
51930
51907
51926
51907
51926
51940
51914
51940
51901
51914
51925
51901
51942
51943
51925
51942
51900
51943
51900
51941
51941
51919
51919
51918
51904
51936
51918
51924
51904
51936
51924
51944
51939
51921
51944
51939
51921
51927
51916
51903
51927
51903
51916
51948
51948
51913
51913
51906
51911
51945
51946
51949
51906
51905
51931
51911
51945
51949
51946
51931
51905
51923
51923
51934
51934
51956
51956
51968
51953
51970
51968
51990
51987
51953
51970
51958
51975
51950
51987
51990
51958
51954
51975
51955
51950
51954
51955
51991
51989
51957
51959
51991
51989
51957
51959
51951
51961
51977
51951
51961
51977
51965
51952
51965
51981
51952
51981
51993
51992
51980
51983
51993
51992
51980
51983
51986
51979
51986
51979
51994
51994
51982
51996
51976
51999
51982
51996
51976
51999
51974
51974
51971
51966
51988
51971
51966
51988
51972
51972
51995
51997
51984
51995
51984
51997
52022
52022
52023
52021
52033
52023
52021
52033
52024
52034
52034
52000
52024
52000
52003
52003
52014
52011
52014
52028
52011
52025
52010
52028
52018
52010
52025
52018
52001
52001
52036
52020
52027
52020
52036
52004
52009
52013
52030
52027
52013
52009
52004
52030
52012
52039
52016
52038
52012
52016
52039
52038
52006
52005
52007
52005
52006
52007
52026
52032
52032
52026
52015
52015
52045
52045
52040
52040
52047
52047
52041
52041
52046
52048
52049
52046
52048
52049
52044
52044
52089
52089
52063
52063
52072
52084
52079
52072
52084
52083
52079
52083
52064
52070
52056
52064
52070
52056
52073
52078
52059
52073
52062
52076
52078
52059
52087
52074
52062
52053
52076
52098
52075
52087
52074
52053
52098
52075
52091
52091
52065
52065
52057
52060
52058
52057
52080
52055
52060
52058
52055
52080
52052
52069
52066
52061
52052
52069
52066
52061
52090
52096
52096
52090
52067
52067
52097
52097
52088
52088
52085
52077
52068
52093
52085
52077
52068
52093
52102
52105
52104
52112
52102
52105
52104
52112
52114
52110
52117
52103
52110
52117
52125
52114
52103
52116
52125
52122
52128
52131
52116
52106
52128
52107
52131
52111
52107
52106
52137
52111
52122
52137
52113
52113
52126
52126
52118
52115
52115
52118
52119
52119
52108
52120
52109
52108
52120
52109
52138
52138
52129
52129
52143
52143
52135
52136
52135
52136
52133
52133
52149
52142
52145
52127
52149
52142
52132
52139
52145
52132
52139
52127
52148
52148
52124
52144
52124
52144
52193
52193
52190
52185
52196
52187
52190
52196
52197
52179
52187
52185
52178
52169
52179
52178
52197
52169
52166
52198
52166
52198
52174
52174
52153
52153
52156
52195
52156
52168
52195
52168
52275
52275
52436
52418
52436
52418
52405
52411
52405
52411
52439
52439
52444
52406
52444
52406
52438
52430
52438
52430
52440
52440
52423
52423
52425
52425
52429
52432
52429
52432
52441
52441
52433
52426
52433
52426
52416
52442
52416
52442
52450
52450
52463
52462
52472
52461
52479
52471
52463
52472
52462
52471
52479
52461
52491
52451
52470
52491
52451
52470
52459
52459
52464
52475
52464
52474
52475
52474
52489
52489
52481
52481
52473
52498
52473
52498
52482
52477
52468
52482
52468
52477
52488
52469
52484
52466
52488
52469
52484
52466
52456
52456
52476
52490
52476
52490
52457
52465
52494
52457
52465
52494
52460
52454
52460
52454
52455
52453
52455
52453
52497
52483
52497
52467
52478
52492
52483
52478
52467
52492
52503
52505
52503
52505
52502
52509
52519
52511
52506
52507
52516
52510
52502
52509
52511
52506
52507
52516
52510
52519
52523
52529
52523
52522
52525
52529
52525
52522
52524
52528
52524
52528
52512
52508
52517
52514
52512
52513
52508
52517
52514
52513
52527
52515
52527
52515
52532
52533
52532
52533
52521
52504
52521
52504
52526
52526
52530
52520
52530
52520
52518
52518
52538
52539
52538
52539
52543
52547
52535
52547
52543
52531
52535
52531
52548
52542
52548
52542
52541
52541
52583
52569
52574
52583
52569
52574
52558
52557
52553
52558
52557
52553
52586
52586
52589
52589
52585
52585
52570
52597
52570
52594
52595
52597
52594
52554
52595
52554
52590
52592
52590
52564
52592
52564
52587
52552
52562
52587
52573
52552
52562
52573
52572
52579
52561
52572
52551
52571
52576
52579
52561
52551
52571
52576
52563
52563
52575
52581
52599
52581
52575
52599
52577
52565
52556
52577
52556
52565
52593
52582
52582
52593
52588
52591
52588
52591
52615
52614
52615
52614
52648
52617
52617
52648
52643
52610
52628
52603
52610
52643
52603
52628
52625
52609
52625
52644
52619
52609
52620
52644
52619
52620
52611
52611
52624
52642
52642
52624
52632
52641
52621
52605
52632
52641
52621
52605
52622
52622
52646
52613
52646
52613
52647
52647
52649
52649
52626
52626
52630
52636
52630
52636
52638
52638
52645
52627
52645
52627
52637
52637
52650
52653
52650
52653
52667
52675
52658
52693
52657
52675
52667
52693
52658
52660
52669
52651
52657
52669
52660
52692
52651
52668
52692
52668
52677
52677
52664
52688
52683
52664
52683
52688
52687
52687
52665
52665
52656
52656
52652
52691
52659
52655
52652
52691
52666
52698
52689
52681
52659
52655
52666
52698
52689
52681
52654
52676
52673
52680
52676
52673
52680
52654
52690
52699
52662
52682
52690
52699
52662
52682
52672
52672
52696
52696
52686
52686
52685
52663
52685
52663
52678
52678
52719
52725
52715
52725
52719
52720
52724
52729
52715
52726
52718
52724
52720
52721
52723
52729
52726
52718
52727
52723
52728
52721
52727
52728
52714
52712
52714
52712
52717
52711
52703
52717
52711
52703
52713
52713
52707
52716
52710
52709
52710
52716
52707
52709
52736
52747
52740
52735
52736
52745
52747
52740
52744
52735
52745
52746
52733
52739
52744
52733
52746
52741
52739
52741
52749
52749
52738
52738
52809
52809
52820
52802
52821
52820
52802
52821
52824
52815
52842
52823
52824
52815
52842
52823
52849
52849
52814
52848
52814
52848
52800
52800
52856
52862
52889
52863
52856
52893
52862
52889
52873
52894
52893
52863
52876
52873
52894
52876
52858
52874
52858
52874
52859
52877
52869
52867
52877
52859
52867
52869
52868
52888
52868
52888
52882
52880
52887
52882
52860
52871
52880
52887
52881
52883
52861
52875
52860
52871
52865
52881
52883
52861
52875
52865
52870
52895
52870
52895
52866
52854
52866
52854
52886
52886
52878
52878
52898
52898
52900
52931
52900
52902
52905
52931
52932
52913
52905
52902
52928
52932
52913
52928
52904
52904
52909
52909
52918
52918
52911
52922
52910
52911
52922
52910
52929
52930
52908
52924
52920
52929
52908
52930
52924
52920
52942
52942
52917
52917
52903
52948
52915
52914
52948
52915
52903
52914
52907
52907
52906
52906
52919
52945
52919
52945
52926
52925
52926
52925
52944
52944
52936
52946
52946
52936
52943
52943
52921
52921
52934
52934
52940
52933
52937
52933
52940
52937
52941
52941
52958
52958
52978
52978
52954
52992
52991
52992
52957
52954
52991
52977
52957
52997
52970
52988
52977
52965
52997
52970
52966
52982
52971
52965
52988
52974
52982
52971
52966
52951
52963
52951
52974
52967
52996
52963
52961
52981
52967
52995
52953
52972
52996
52964
52998
52953
52961
52972
52981
52998
52964
52995
52952
52973
52952
52973
52962
52962
52960
52959
52960
52959
52955
52968
52955
52968
52956
52956
52985
52985
52983
52983
52969
52969
52980
52976
52984
52987
52976
52980
52987
52984
52999
52999
53005
53005
53009
53016
53016
53009
53010
53006
53010
53006
53013
53041
53033
53002
53013
53041
53033
53011
53004
53002
53040
53017
53011
53004
53040
53042
53017
53042
53047
53047
53020
53020
53003
53007
53008
53024
53025
53003
53027
53036
53007
53022
53024
53008
53025
53036
53030
53027
53022
53014
53030
53014
53023
53023
53046
53034
53046
53012
53034
53012
53029
53029
53049
53049
53026
53037
53026
53037
53028
53019
53038
53028
53019
53038
53045
53032
53015
53045
53032
53015
53053
53055
53053
53055
53056
53052
53056
53052
53064
53073
53064
53063
53062
53065
53073
53085
53080
53063
53074
53062
53085
53059
53080
53074
53065
53059
53086
53086
53060
53092
53061
53060
53092
53061
53067
53058
53054
53057
53058
53067
53054
53081
53057
53089
53081
53089
53088
53088
53066
53066
53071
53078
53069
53071
53069
53072
53078
53087
53070
53072
53070
53087
53093
53096
53091
53096
53068
53093
53091
53068
53077
53077
53090
53084
53090
53084
53432
53432
54740
54740
54856
54856
54860
54860
56566
56570
56551
56559
56561
56556
56566
56570
56551
56559
56561
56556
56553
56553
56554
56564
56563
56554
56563
56564
56580
56580
56565
56565
56598
56598
56575
56575
56558
56558
56568
56568
56583
56583
56578
56571
56590
56571
56578
56590
56572
56579
56594
56572
56579
56594
56567
56585
56569
56587
56567
56585
56569
56587
56582
56582
56574
56599
56581
56597
56576
56589
56586
56574
56596
56599
56597
56576
56581
56586
56596
56589
56562
56562
56602
56607
56603
56604
56634
56607
56602
56603
56604
56634
56611
56608
56608
56611
56631
56609
56631
56609
56621
56629
56615
56621
56629
56626
56615
56626
56616
56616
56635
56635
56617
56617
56606
56606
56614
56613
56614
56613
56605
56605
56627
56610
56643
56627
56612
56643
56610
56624
56612
56624
56646
56642
56646
56642
56623
56623
56618
56618
56647
56649
56647
56638
56649
56638
56622
56622
56645
56644
56645
56644
56619
56619
56648
56632
56648
56632
56637
56636
56637
56636
56628
56639
56628
56639
56683
56652
56654
56652
56683
56655
56665
56698
56658
56655
56654
56698
56663
56665
56667
56658
56663
56667
56684
56669
56684
56680
56669
56680
56670
56666
56670
56666
56656
56660
56686
56671
56656
56660
56686
56671
56696
56696
56659
56659
56675
56675
56662
56657
56657
56662
56664
56664
56676
56693
56676
56693
56699
56690
56699
56690
56672
56673
56691
56672
56673
56668
56691
56668
56679
56695
56679
56695
56689
56689
56682
56682
56701
56701
56712
56719
56705
56712
56719
56704
56710
56705
56704
56710
56706
56736
56742
56706
56736
56729
56742
56718
56726
56729
56718
56732
56716
56726
56732
56716
56708
56708
56720
56720
56707
56700
56711
56707
56700
56711
56714
56717
56727
56714
56727
56717
56737
56715
56734
56737
56715
56734
56713
56713
56731
56702
56731
56709
56702
56709
56725
56748
56748
56725
56724
56723
56724
56703
56738
56723
56703
56738
56721
56721
56735
56743
56745
56735
56730
56747
56743
56745
56749
56730
56747
56749
56766
56766
56772
56767
56772
56767
56756
56756
56753
56778
56763
56753
56778
56779
56763
56762
56793
56771
56784
56793
56779
56762
56771
56784
56773
56773
56774
56765
56759
56774
56765
56759
56790
56785
56782
56790
56785
56782
56775
56761
56769
56761
56775
56769
56768
56757
56768
56757
56755
56770
56770
56755
56754
56754
56798
56798
56760
56760
56797
56776
56797
56792
56776
56792
56764
56787
56783
56764
56787
56783
56780
56780
56799
56794
56794
56799
56802
56802
56812
56812
56814
56814
56807
56817
56809
56807
56819
56817
56809
56820
56819
56820
56824
56834
56824
56834
56842
56842
56808
56806
56808
56806
56813
56813
56810
56810
56804
56804
56815
56833
56831
56815
56833
56831
56843
56822
56843
56803
56801
56822
56836
56803
56801
56836
56838
56832
56818
56818
56832
56838
56823
56830
56829
56845
56821
56816
56830
56823
56829
56845
56821
56816
56811
56811
56844
56847
56844
56847
56825
56825
56828
56828
56860
56853
56860
56862
56853
56862
56863
56857
56863
56874
56857
56858
56874
56858
56871
56893
56866
56871
56861
56881
56866
56893
56861
56877
56881
56852
56877
56852
56870
56859
56850
56870
56859
56850
56885
56885
56864
56864
56867
56865
56867
56865
56855
56886
56855
56886
56869
56869
56889
56890
56891
56856
56851
56889
56890
56891
56856
56851
56898
56883
56894
56883
56898
56894
56880
56899
56896
56899
56880
56896
56887
56872
56887
56895
56872
56895
56897
56897
56875
56875
56903
56903
56913
56915
56908
56911
56915
56913
56911
56908
56918
56910
56918
56920
56910
56945
56949
56949
56945
56920
56914
56914
56931
56917
56931
56917
56944
56937
56925
56947
56925
56944
56937
56947
56935
56934
56923
56927
56930
56938
56921
56919
56935
56923
56930
56927
56934
56938
56919
56921
56912
56912
56916
56916
56909
56909
56946
56922
56939
56946
56928
56922
56939
56924
56928
56924
56948
56948
56933
56933
56954
56954
56953
56963
56953
56982
56955
56963
56982
56955
56965
56969
56957
56991
56956
56993
56965
56991
56969
56993
56957
56956
56978
56974
56978
56974
56960
56994
56960
56994
56961
56990
56961
56990
56968
56998
56968
56998
56992
56952
56992
56952
56959
56959
56962
56962
56964
56964
56988
56988
56996
56972
56997
56995
56979
56976
56967
56996
56972
56995
56997
56979
56976
56967
56987
56977
56987
56977
56984
56984
56970
56970
56973
56985
56973
56985
57037
57037
57047
57032
57045
57025
57047
57032
57025
57045
57039
57039
57038
57038
57031
57031
57066
57052
57066
57052
57059
57084
57078
57072
57061
57059
57084
57078
57072
57061
57071
57063
57071
57063
57056
57056
57068
57067
57085
57075
57062
57067
57070
57068
57074
57073
57085
57070
57075
57062
57083
57074
57077
57083
57073
57060
57077
57060
57064
57065
57064
57065
57091
57089
57096
57091
57096
57089
57080
57080
57095
57087
57090
57094
57095
57079
57087
57094
57090
57097
57079
57088
57097
57088
57069
57069
58267
58267
58690
59566
59566
59595
59595
59570
59565
59571
59570
59579
59571
59579
59565
59559
59554
59559
59554
59577
59561
59594
59561
59594
59577
59583
59583
59573
59573
59587
59587
59611
59602
59632
59611
59602
59632
59620
59612
59622
59640
59608
59620
59612
59622
59608
59640
59629
59638
59625
59629
59638
59649
59625
59601
59649
59627
59601
59627
59600
59600
59635
59603
59636
59635
59603
59636
59606
59606
59605
59605
59648
59644
59624
59628
59648
59644
59624
59628
59630
59630
59610
59607
59631
59610
59634
59617
59646
59607
59617
59634
59639
59631
59618
59646
59639
59618
59643
59643
59619
59619
59665
59666
59665
59666
59668
59659
59670
59663
59668
59659
59670
59663
59680
59689
59680
59689
59655
59652
59655
59652
59664
59664
59685
59662
59685
59662
59672
59672
59674
59683
59673
59690
59683
59673
59674
59690
59697
59653
59697
59661
59669
59653
59654
59661
59669
59657
59654
59688
59657
59688
59679
59679
59660
59660
59658
59658
59675
59681
59696
59681
59676
59694
59696
59675
59694
59676
59691
59691
59687
59687
59693
59698
59682
59693
59698
59682
59722
59716
59714
59716
59722
59702
59714
59703
59702
59718
59700
59703
59747
59718
59700
59747
59717
59717
59712
59710
59712
59710
59728
59711
59727
59709
59711
59728
59725
59727
59709
59725
59745
59734
59726
59729
59734
59726
59745
59729
59706
59706
59715
59715
59719
59708
59719
59708
59720
59707
59713
59720
59707
59713
59721
59721
59704
59704
59735
59735
59731
59746
59743
59740
59731
59746
59743
59740
59742
59742
59736
59736
59730
59730
59748
59748
59723
59723
59749
59749
59794
59796
59794
59792
59792
59770
59764
59796
59785
59752
59770
59776
59785
59764
59752
59776
59782
59795
59790
59754
59761
59765
59795
59790
59782
59765
59754
59761
59751
59751
59755
59755
59772
59783
59767
59759
59783
59759
59767
59772
59784
59781
59784
59781
59779
59779
59774
59774
59763
59763
59802
59802
59801
59801
59833
59833
59818
59818
59813
59813
59817
59821
59810
59831
59805
59815
59817
59810
59821
59805
59831
59809
59815
59809
59824
59804
59830
59804
59824
59830
59812
59812
59832
59803
59814
59832
59800
59803
59814
59800
59845
59811
59808
59811
59845
59808
59827
59828
59806
59816
59841
59806
59827
59828
59816
59807
59841
59807
59847
59847
59834
59823
59829
59834
59823
59829
59840
59840
59846
59846
59848
59848
59822
59822
59849
59849
59836
59836
59825
59825
59875
59875
59896
59862
59858
59850
59871
59896
59862
59858
59884
59850
59871
59884
59882
59883
59866
59882
59883
59866
59898
59898
59867
59867
59860
59852
59868
59872
59860
59868
59852
59872
59865
59865
59881
59879
59881
59879
59890
59890
59894
59891
59894
59891
59897
59895
59897
59895
59874
59874
59887
59887
59888
59876
59899
59876
59888
59899
59893
59893
59854
59877
59885
59877
59885
59889
59889
59854
59880
59880
59853
59853
59936
59908
59914
59944
59936
59908
59914
59944
59920
59901
59920
59901
59904
59904
59905
59911
59915
59918
59905
59911
59915
59918
59916
59937
59919
59900
59916
59937
59946
59941
59917
59900
59919
59946
59917
59941
59907
59907
59939
59925
59939
59925
59923
59927
59923
59927
59929
59938
59929
59938
59928
59926
59928
59926
59949
59947
59949
59947
59924
59910
59935
59931
59924
59910
59942
59935
59931
59906
59942
59906
59913
59913
59922
59930
59922
59930
59934
59934
59943
59943
59967
59955
59967
59955
59970
59989
59970
59973
59989
59999
59972
59973
59999
59972
59952
59987
59957
59954
59952
59987
59957
59953
59954
59953
59975
59974
59959
59975
59968
59965
59974
59959
59966
59997
59965
59968
59978
59966
59997
59978
59950
59961
59950
59961
59980
59984
59977
59984
59977
59980
59991
59991
59969
59969
59990
59986
59990
59982
59992
59986
59992
59982
59976
59976
59996
59985
59996
59985
59988
59988
59958
59958
60118
60118
60117
60117
60134
60145
60108
60134
60145
60108
60138
60123
60101
60123
60131
60138
60125
60101
60131
60125
60135
60135
60137
60137
60139
60147
60139
60147
60116
60121
60140
60116
60140
60121
60142
60142
60106
60129
60146
60106
60129
60146
60122
60122
60156
60153
60156
60153
60163
60179
60167
60168
60178
60180
60167
60179
60168
60189
60163
60178
60180
60189
60187
60182
60187
60182
60165
60164
60165
60164
60185
60185
60154
60150
60154
60150
60158
60157
60151
60158
60157
60151
60186
60186
60190
60170
60166
60190
60170
60160
60159
60181
60166
60160
60159
60181
60162
60162
60188
60188
60195
60161
60176
60195
60174
60176
60161
60174
60169
60169
60191
60196
60171
60191
60196
60177
60177
60171
60173
60192
60173
60192
60184
60184
60206
60206
60200
60200
60201
60215
60217
60201
60215
60217
60212
60233
60239
60232
60244
60212
60233
60239
60232
60244
60218
60218
60204
60204
60214
60227
60227
60214
60216
60216
60224
60224
60209
60203
60209
60211
60221
60219
60203
60202
60211
60220
60221
60219
60249
60202
60220
60249
60230
60222
60237
60230
60237
60222
60241
60228
60241
60228
60223
60223
60208
60213
60208
60245
60210
60213
60245
60210
60225
60225
60238
60226
60238
60226
60231
60229
60242
60243
60231
60229
60242
60243
60207
60207
60258
60259
60258
60259
60277
60275
60256
60294
60275
60277
60256
60294
60276
60276
60274
60263
60263
60274
60282
60253
60273
60264
60272
60257
60297
60261
60272
60282
60253
60273
60252
60297
60268
60264
60257
60261
60252
60268
60278
60278
60285
60285
60254
60254
60267
60271
60267
60271
60255
60255
60260
60283
60260
60266
60283
60266
60291
60291
60262
60262
60269
60269
60284
60270
60284
60270
60281
60281
60290
60289
60290
60289
60296
60279
60296
60279
60295
60295
60293
60293
60305
60306
60305
60306
60327
60329
60327
60339
60329
60330
60339
60335
60330
60335
60303
60303
60318
60318
60325
60325
60322
60322
60310
60321
60301
60307
60321
60310
60301
60307
60347
60347
60324
60315
60312
60324
60316
60315
60312
60316
60311
60342
60311
60320
60326
60342
60309
60326
60308
60320
60317
60309
60308
60319
60317
60304
60319
60304
60336
60336
60328
60334
60328
60334
60343
60313
60348
60348
60343
60345
60333
60313
60345
60333
60338
60338
60349
60349
60340
60340
60354
60351
60358
60373
60354
60351
60358
60366
60373
60368
60366
60368
60367
60376
60382
60382
60376
60367
60375
60355
60394
60357
60371
60370
60355
60375
60370
60394
60371
60364
60357
60353
60365
60364
60353
60365
60361
60356
60381
60361
60356
60381
60372
60378
60372
60378
60379
60379
60360
60360
60363
60374
60363
60374
60350
60350
60359
60359
60390
60369
60380
60390
60385
60369
60380
60385
60392
60392
60396
60395
60396
60395
60387
60387
60384
60384
60383
60389
60386
60389
60383
60386
60407
60409
60407
60409
60413
60427
60435
60402
60413
60435
60427
60403
60402
60404
60403
60404
60418
60420
60419
60417
60418
60419
60417
60420
60412
60446
60446
60412
60423
60432
60428
60421
60405
60423
60401
60414
60432
60400
60421
60428
60405
60401
60414
60400
60433
60431
60433
60431
60430
60416
60443
60411
60430
60416
60411
60443
60426
60410
60410
60426
60436
60447
60436
60447
60429
60429
60441
60441
60438
60439
60449
60448
60445
60439
60449
60445
60438
60448
60442
60442
60461
60461
60489
60469
60474
60470
60457
60489
60469
60474
60457
60470
60482
60466
60482
60466
60467
60458
60460
60467
60458
60460
60462
60462
60484
60468
60484
60468
60476
60476
60454
60454
60497
60497
60464
60453
60456
60464
60456
60453
60465
60465
60452
60479
60478
60478
60455
60479
60452
60455
60487
60472
60487
60471
60472
60471
60495
60495
60491
60480
60491
60494
60473
60493
60480
60473
60494
60475
60481
60493
60475
60481
60490
60492
60490
60492
60499
60499
60451
60451
60500
60500
60513
60515
60513
60515
60546
60512
60546
60512
60528
60502
60506
60502
60542
60528
60504
60539
60518
60506
60542
60539
60504
60518
60507
60514
60533
60535
60507
60514
60533
60535
60536
60503
60536
60503
60505
60505
60510
60510
60508
60508
60522
60537
60522
60516
60537
60516
60521
60521
60519
60524
60519
60524
60538
60538
60534
60534
60529
60541
60540
60509
60548
60529
60541
60540
60548
60509
60545
60549
60545
60549
60543
60543
60547
60547
60530
60530
60527
60527
60550
60550
60551
60551
60567
60568
60563
60567
60568
60573
60574
60563
60573
60572
60575
60574
60565
60572
60575
60565
60579
60579
60564
60562
60564
60562
60589
60577
60588
60561
60587
60577
60588
60589
60561
60587
60570
60556
60569
60570
60556
60582
60569
60582
60599
60571
60557
60566
60557
60571
60599
60553
60559
60591
60566
60584
60559
60553
60576
60554
60591
60584
60554
60576
60552
60552
60558
60558
60596
60596
60586
60581
60580
60586
60581
60597
60580
60595
60598
60597
60595
60598
60590
60590
60555
60555
60640
60609
60640
60609
60620
60620
60627
60627
60635
60635
60623
60623
60643
60643
60628
60633
60628
60619
60633
60619
60641
60641
60611
60644
60610
60638
60611
60625
60610
60644
60630
60637
60636
60625
60638
60630
60629
60637
60636
60642
60629
60622
60602
60642
60646
60602
60646
60622
60632
60626
60615
60626
60615
60632
60647
60647
60645
60645
60650
60650
60659
60668
60659
60668
60667
60689
60667
60685
60660
60689
60682
60656
60685
60660
60664
60674
60682
60657
60656
60664
60674
60657
60681
60695
60683
60681
60683
60695
60654
60658
60663
60658
60654
60663
60688
60673
60688
60653
60673
60653
60662
60662
60661
60652
60661
60652
60655
60686
60672
60655
60686
60672
60666
60666
60677
60677
60691
60678
60699
60691
60678
60699
60687
60675
60687
60675
60690
60679
60690
60679
60692
60665
60692
60665
60676
60676
60694
60694
60710
60703
60704
60710
60703
60704
60707
60709
60707
60716
60709
60716
60729
60729
60713
60725
60719
60726
60713
60748
60723
60726
60719
60725
60748
60723
60706
60715
60706
60747
60736
60715
60747
60736
60705
60705
60718
60717
60718
60717
60722
60727
60722
60727
60712
60712
60720
60720
60711
60711
60714
60724
60724
60714
60746
60746
60739
60737
60745
60742
60739
60745
60737
60742
60728
60744
60728
60744
60721
60721
60741
60735
60741
60735
60775
60775
60765
60759
60778
60765
60759
60778
60754
60754
60772
60784
60751
60766
60777
60772
60769
60766
60784
60751
60790
60777
60769
60790
60755
60753
60755
60757
60787
60762
60753
60795
60787
60757
60762
60795
60771
60771
60752
60752
60796
60796
60761
60761
60756
60756
60773
60773
60750
60764
60750
60768
60764
60768
60780
60780
60758
60774
60798
60758
60774
60798
60783
60783
60785
60779
60785
60779
60781
60776
60781
60794
60776
60794
60792
60791
60792
60791
60806
60803
60806
60802
60803
60802
60848
60826
60848
60840
60826
60811
60800
60840
60811
60800
60828
60823
60821
60828
60823
60821
60815
60807
60830
60807
60815
60830
60812
60812
60814
60813
60814
60813
60809
60816
60809
60805
60816
60805
60819
60819
60822
60818
60822
60818
60810
60810
60817
60817
60839
60844
60839
60833
60844
60842
60836
60849
60833
60842
60836
60849
60847
60847
60829
60838
60829
60838
60846
60837
60846
60837
60824
60824
60835
60835
60851
60867
60867
60851
60853
60881
60883
60853
60883
60881
60885
60871
60896
60885
60896
60871
60864
60864
60852
60852
60868
60868
60859
60855
60859
60863
60856
60854
60855
60866
60863
60854
60856
60866
60857
60857
60865
60865
60898
60876
60898
60876
60873
60873
60875
60875
60878
60888
60879
60888
60878
60893
60899
60891
60882
60879
60899
60893
60891
60882
60890
60894
60869
60890
60874
60887
60894
60869
60887
60874
60872
60870
60880
60886
60872
60870
60889
60880
60886
60889
60877
60877
60901
60901
60905
60905
60920
60917
60920
60904
60917
60910
60904
60910
60940
60922
60945
60941
60913
60906
60941
60906
60913
60945
60940
60922
60914
60914
60936
60936
60928
60928
60909
60909
60921
60921
60919
60919
60902
60902
60947
60915
60923
60947
60915
60923
60912
60929
60912
60929
60907
60907
60937
60944
60944
60937
60948
60930
60931
60948
60930
60931
60934
60934
60949
60908
60908
60949
60932
60918
60932
60918
60938
60938
60911
60911
60933
60933
60942
60927
60927
60942
60954
60954
60981
60966
60962
60980
60981
60966
60993
60979
60973
60977
60998
60959
60962
60993
60979
60980
60973
60977
60998
60959
60982
60982
60975
60957
60975
60957
60963
60964
60963
60964
60978
60978
60961
60955
60986
60992
60961
60955
60992
60986
60953
60956
60953
60956
60970
60968
60970
60968
60958
60958
60965
60960
60967
60952
60965
60960
60967
60952
60983
60983
60999
60995
60994
60995
60999
60994
60985
60985
60988
60971
60988
60971
60974
60974
60987
60997
60987
60997
61049
61049
61253
61253
61261
61261
61281
61281
61252
61252
61273
61258
61258
61273
61264
61264
61255
61255
61291
61287
61289
61292
61287
61291
61292
61297
61289
61266
61297
61295
61295
61266
61278
61267
61278
61267
61296
61296
61298
61298
61288
61288
61284
61284
61330
61330
61326
61312
61313
61339
61319
61319
61301
61307
61339
61326
61313
61312
61307
61301
61317
61324
61317
61324
61325
61334
61341
61334
61325
61341
61306
61302
61306
61311
61302
61311
61318
61331
61331
61318
61315
61314
61315
61314
61340
61348
61340
61348
61332
61316
61336
61336
61316
61332
61322
61322
61308
61308
61329
61327
61329
61345
61327
61321
61345
61321
61333
61333
61335
61344
61344
61335
61328
61328
61368
61387
61381
61368
61386
61383
61374
61387
61373
61386
61383
61396
61381
61374
61373
61396
61376
61376
61367
61370
61358
61367
61370
61358
61363
61385
61363
61385
61390
61390
61398
61362
61394
61371
61362
61398
61394
61377
61371
61355
61377
61354
61355
61379
61360
61388
61361
61354
61366
61379
61360
61388
61361
61366
61357
61384
61378
61382
61392
61357
61384
61378
61382
61392
61365
61391
61365
61391
61369
61395
61395
61369
61402
61407
61402
61407
61411
61431
61411
61431
61417
61417
61442
61410
61413
61442
61410
61412
61413
61412
61423
61423
61422
61422
61408
61445
61438
61425
61408
61445
61409
61438
61425
61404
61409
61403
61404
61403
61416
61416
61415
61434
61426
61415
61434
61426
61418
61414
61405
61414
61418
61405
61424
61433
61424
61432
61433
61441
61419
61432
61441
61419
61406
61406
61429
61429
61444
61444
61430
61440
61420
61435
61430
61440
61435
61420
61436
61436
61449
61447
61449
61447
61439
61439
61461
61463
61461
61463
61454
61467
61458
61452
61454
61467
61452
61458
61496
61491
61496
61491
61498
61472
61498
61472
61477
61477
61464
61464
61456
61471
61469
61453
61456
61471
61453
61469
61499
61459
61460
61499
61459
61460
61462
61462
61457
61497
61474
61457
61497
61474
61473
61466
61473
61466
61468
61455
61480
61468
61455
61488
61487
61486
61480
61465
61488
61487
61486
61465
61475
61476
61492
61475
61476
61492
61484
61484
61483
61483
61490
61490
61494
61485
61494
61485
63384
63384
64971
64971
64975
64976
64975
64976
64978
64982
64978
64982
64984
64984
64991
64992
64990
64994
64991
64992
64994
64993
64990
64993
64995
64995
64996
64997
64996
64997
65002
65004
65000
64972
65006
65003
65001
65002
65004
65000
64972
65006
65003
65001
65007
65007
65011
65009
65011
65010
65012
65009
65013
65010
65013
65012
65014
65015
65014
65015
65018
65016
65018
65016
65020
65019
65019
65020
65022
65023
65005
65023
65022
65021
65005
65021
65025
65025
65024
65024
64986
64986
65029
65029
65034
65031
65034
65031
65026
65030
65035
65032
65035
65030
65032
65026
65038
65037
65037
65038
65041
64959
65033
65048
65041
64959
65033
65048
65055
65055
64987
65058
65057
65062
65063
65059
65058
64987
65063
65062
65057
65059
65061
65061
65060
65045
65060
65045
65040
65046
65064
65066
65047
65046
65064
65040
65066
65047
65054
64969
65065
65054
65053
65068
65070
65052
65065
64969
65053
65067
65070
65052
65068
65067
65069
65069
65073
65071
65072
65073
65071
65050
65072
65049
64912
65050
65049
64912
65078
65082
64949
65080
65083
65081
65083
65080
65082
65081
65078
65085
65088
65085
65088
65095
65094
65095
65051
65094
65051
65090
65096
64949
65090
65096
64968
65087
65076
65087
65079
65076
65079
64968
65097
65097
65093
65093
65092
65092
65176
65176
65181
65183
65180
65181
65183
65180
65184
65184
65189
65187
65187
65189
65190
65188
65190
65188
65194
65193
65194
65198
65193
65200
65199
65197
65201
65199
65198
65197
65191
65200
65201
65196
65191
65196
65202
65202
65205
65205
65206
65206
65207
65207
65195
65212
65195
65213
65212
65213
65215
65215
65216
65225
65218
65221
65220
65216
65218
65220
65221
65225
65224
65223
65224
65223
65228
65222
65217
65228
65219
65227
65227
65222
65219
65217
65230
65230
65232
65232
65231
65231
65233
65234
65235
65233
65234
65235
65236
65214
65240
65239
65214
65236
65240
65239
65242
65242
65249
65129
65249
65129
65252
65250
65248
65248
65252
65250
65245
65229
65245
65229
65255
65255
65155
65262
65253
65155
65262
65253
65244
65244
65251
65251
65265
65264
65265
65264
65241
65241
65256
65259
65256
65259
65267
65267
65261
65260
65261
65269
65270
65260
65270
65271
65269
65226
65226
65271
65272
65272
65273
65273
65277
65277
65274
65274
65203
65203
65278
65278
65279
65280
65279
65280
65258
65258
65281
65281
65282
65282
65286
65285
65287
65286
65287
65285
65290
65288
65290
65288
65291
65293
65289
65291
65293
65289
65292
65292
65294
65294
65295
65295
65298
65299
65298
65299
65133
65133
64976
64976
64974
64974
64969
64992
64992
64998
64969
64998
64993
64993
64912
64912
64983
64983
64949
65007
64949
65007
64989
64980
64989
64980
64991
64991
64995
65022
64995
65002
65002
64986
65022
65025
64986
65025
65003
65003
65015
65015
65028
65028
65013
65013
65009
65009
65006
65005
65006
65005
65000
65004
65004
65000
65035
65024
65035
65024
65049
65049
65008
65008
65029
65029
65037
65037
65027
65027
65021
65017
65017
65021
65020
65020
65044
65041
65044
65041
65018
65050
65047
65018
65047
65050
65045
65053
65057
65045
65053
65057
65048
65048
65019
65019
65060
65060
65038
65032
65062
65032
65062
65038
65030
64968
65030
64968
65039
65051
65061
65039
65061
65051
65063
65063
65071
65071
65046
65046
65067
65059
65067
65059
65081
65081
65068
65068
65080
65080
65066
65066
65091
65091
65078
65087
65078
65087
65074
65074
65075
65079
65079
65075
65089
65093
65089
65093
65072
65077
65073
65072
65073
65077
65082
65082
65084
65084
65095
65085
65085
65095
65090
65090
65105
65105
65144
65144
65132
65132
65150
65150
65166
65166
65156
65176
65176
65171
65156
65171
65186
65186
65164
65164
65170
65168
65170
65168
65175
65175
65163
65167
65163
65167
65189
65157
65169
65189
65181
65157
65169
65181
65138
65138
65179
65179
65193
65180
65193
65180
65354
65354
65361
65361
65368
65368
65393
65393
65342
65342
65349
65373
65349
65373
65362
65364
65364
65362
65387
65387
65360
65360
65370
65304
65370
65395
65395
65304
65339
65339
65351
65351
65353
65311
65353
65311
65309
65309
65310
65310
65305
65382
65382
65305
65378
65378
65321
65321
65422
65422
65402
65402
65417
65417
65416
65416
65391
65391
65381
65381
65379
65379
65401
65401
65404
65404
65396
65396
65407
65407
65390
65390
65431
65431
65389
65380
65389
65380
65371
65371
65428
65428
65405
65405
65372
65372
65432
65432
65385
65385
65448
65448
65427
65427
65383
65383
65426
65426
65384
65384
65429
65429
65419
65419
65437
65437
65435
65435
65398
65425
65398
65425
65436
65408
65436
65408
65403
65423
65403
65423
65400
65400
65421
65421
65392
65392
65449
65449
65442
65442
65439
65439
65433
65433
65420
65420
65456
65456
65466
65466
65479
65479
65418
65418
65473
65473
65415
65415
65443
65443
65475
65475
65412
65412
65480
65480
65453
65453
65434
65434
65410
65482
65410
65482
65438
65438
65457
65457
65458
65458
65468
65468
65430
65430
65478
65478
65467
65467
65455
65455
65463
65463
65491
65491
65484
65484
65498
65489
65498
65489
65483
65483
65450
65450
65461
65461
65459
65459
65472
65472
65469
65469
65476
65476
65460
65460
65444
65444
65494
65494
65477
65477
65452
65452
65499
65499
65488
65488
65471
65471
65497
65497
65493
65493
65485
65485
65487
65487
65470
65470
65495
65495
65521
65521
65520
65520
65539
65539
65544
65544
65527
65527
65553
65553
65507
65540
65507
65540
65545
65545
65518
65518
65546
65546
65531
65531
65522
65522
65538
65538
65503
65503
65511
65511
65517
65517
65513
65513
65559
65559
65543
65543
65512
65512
65562
65562
65529
65529
65550
65550
65528
65528
65549
65549
65500
65500
65532
65532
65533
65533
65537
65537
65554
65554
65515
65515
65519
65519
65541
65541
65506
65506
65556
65556
65548
65548
65589
65589
65534
65573
65534
65573
65552
65552
65555
65555
65566
65566
65581
65581
65542
65542
65578
65578
65580
65580
65501
65501
65508
65508
65574
65574
65530
65510
65530
65510
65597
65597
65561
65561
65516
65516
65560
65560
65602
65602
65571
65571
65557
65569
65557
65569
65563
65563
65588
65588
65599
65599
65610
65610
65568
65568
65558
65558
65586
65586
65575
65575
65567
65567
65604
65604
65622
65622
65596
65596
65634
65634
65572
65572
65590
65615
65590
65615
65579
65579
65605
65605
65595
65595
65600
65600
65616
65616
65592
65592
65606
65606
65576
65624
65576
65624
65633
65633
65609
65609
65577
65577
65617
65617
65601
65601
65618
65618
65607
65607
65650
65650
65587
65587
65598
65598
65603
65603
65631
65631
65653
65653
65613
65613
65665
65665
65612
65612
65594
65594
65647
65671
65654
65671
65654
65647
65629
65629
65623
65623
65621
65621
65632
65632
65611
65611
65643
65643
65641
65641
65608
65608
65614
65614
65659
65659
65655
65655
65628
65628
65672
65672
65680
65680
65656
65656
65684
65684
65648
65648
65625
65625
65651
65651
65635
65668
65635
65619
65668
65619
65642
65642
65674
65674
65649
65649
65663
65679
65663
65679
65690
65690
65652
65685
65685
65652
65660
65660
65637
65637
65681
65681
65662
65662
65661
65661
65669
65694
65669
65694
65673
65675
65675
65673
65687
65687
65664
65664
65696
65696
65686
65686
65698
65677
65698
65677
65692
65692
65693
65693
65695
65695
65710
65710
65704
65720
65704
65720
65729
65729
65724
65724
65717
65717
65709
65709
65749
65749
65708
65708
65707
65707
65725
65747
65725
65747
65737
65737
65753
65753
65741
65741
65738
65738
65702
65702
65754
65754
65711
65711
65722
65722
65701
65701
65740
65740
65769
65769
65712
65712
65705
65705
65723
65723
65735
65735
65759
65759
65727
65727
65721
65721
65739
65739
65716
65716
65755
65755
65772
65772
65786
65786
65751
65751
65743
65743
65742
65742
65787
65787
65854
65854
65872
65891
65872
65891
65883
65883
65892
65892
65869
65869
65868
65868
65859
65859
65875
65875
65871
65882
65871
65882
65858
65858
65895
65895
65862
65862
65856
65856
65880
65880
65881
65881
65888
65888
65897
65897
65879
65879
65893
65893
65855
65855
65853
65853
65877
65877
65899
65899
65857
65857
65874
65874
65865
65865
65850
65850
65860
65860
65851
65851
65886
65886
65863
65863
65887
65887
65864
65864
65898
65898
65304
65304
65366
65366
65372
65372
65370
65370
65392
65392
65360
65360
65377
65377
65309
65309
65384
65384
65393
65393
65355
65355
65359
65359
65390
65390
65423
65423
65365
65376
65365
65376
65385
65385
65361
65382
65361
65382
65357
65357
65402
65402
65410
65410
65403
65403
65399
65399
65397
65397
65374
65374
65417
65417
65396
65396
65395
65395
65930
65876
65930
65876
65880
65880
65845
65845
65905
65905
65882
65882
65955
65955
65868
65868
65797
65797
65870
65870
65534
65534
65914
65914
65908
65908
65705
65869
65869
65705
65981
65981
65864
65864
65634
65634
65795
65795
65904
65904
65795
65934
65795
65934
65945
65945
65911
65911
65913
65913
65937
65937
65973
65973
65962
65962
65887
65887
65959
65936
65959
65936
65903
65903
65938
65938
65960
65943
65960
65943
65933
65933
65890
65890
65906
65906
65982
65982
65932
65898
65932
65898
65912
65912
65909
65909
65956
65956
65871
65871
65964
65964
66022
66022
65976
65976
65879
65879
65507
65802
65507
65802
65957
65957
66018
66018
65966
65966
65892
65892
65942
65942
65926
65926
65918
65918
65947
65947
65975
65975
65989
65989
65921
65853
65921
65853
65946
65946
65965
65965
65916
65916
65950
65950
65923
65923
65969
65969
65580
65580
65993
65993
65977
65977
65925
65925
65877
65877
66001
66001
65968
65968
66005
66005
65939
65939
65996
65996
65863
66031
66031
65863
65761
65761
65958
65958
66036
66036
65917
65917
66013
65949
66013
65949
66009
65797
66009
65797
65987
65987
65944
65991
65991
65944
65954
65954
66012
66012
66004
65978
66004
65978
65972
65972
65967
65967
65948
65948
65994
65994
65997
65997
65984
65984
66063
66063
65983
65983
66065
66032
66065
66032
65952
65952
65961
65961
66034
66034
66043
66043
65999
65999
66010
66010
66014
66099
66014
66099
66052
66052
66041
66041
65951
65951
66092
66092
66060
66060
66086
66086
65974
65974
66025
66025
66026
65992
66026
65992
66038
66038
65986
65986
66017
66017
65995
65995
66039
66039
66006
66006
65988
65988
66027
66027
66102
66102
66048
66048
65985
65985
66003
66003
66085
66085
66081
66081
66064
66064
65979
65979
66050
66050
66098
66098
66020
66020
65998
65998
66045
66045
66053
66053
66140
66140
66116
66116
66106
66106
66047
66047
66057
66057
66107
66066
66066
66107
66105
66105
66096
66096
66151
66151
66079
66079
66061
66061
66028
66028
66138
66138
66121
66121
66143
66143
66148
66029
66148
66029
66101
66101
66054
66054
66100
66100
66068
66068
66071
66071
66062
66062
66000
66000
66166
66166
66156
66156
66076
66076
66023
66023
66147
66147
66033
66033
66059
66059
66058
66074
66074
66058
66078
66078
66134
66134
66111
66111
66173
66173
66119
66119
66127
66127
66077
66077
66067
66067
66070
66070
66123
66123
66144
66144
66154
66154
66090
66090
66115
66115
66075
66075
66110
66110
66087
66087
66093
66088
66093
66088
66132
66132
66097
66097
66113
66113
66114
66114
66120
66120
66122
66122
66192
66094
66192
66094
66109
66109
66125
66125
66167
66167
66069
66046
66069
66046
66206
66206
66131
66131
66176
66176
66204
66204
66183
66183
66135
66135
66104
66104
66145
66145
66175
66082
66082
66175
66150
66150
66072
66072
66137
66137
66178
66178
66118
66118
66165
66165
66201
66201
66161
66128
66128
66161
66136
66136
66170
66170
66180
66180
66171
66171
66202
66188
66188
66202
66198
66198
66193
66193
66184
66184
66091
66091
66159
66159
66181
66181
66149
66149
66095
66095
66142
66142
66112
66112
66129
66129
66200
66200
66158
66158
66186
66186
66190
66190
66153
66153
66409
66409
66398
66398
66399
66399
66408
66408
66404
66404
66444
66444
66419
66419
66429
66429
66428
66428
66424
66424
66436
66436
66418
66418
66437
66437
66416
66416
66400
66400
66420
66420
66411
66411
66383
66383
66422
66422
66393
66393
66438
66438
66394
66394
66386
66386
66396
66396
66412
66412
66427
66427
66405
66405
66402
66402
66426
66426
66431
66431
66410
66410
66435
66435
66003
66003
65998
65998
65916
65916
65917
65917
65956
65956
65970
65970
65878
65878
65913
65952
65913
65975
65952
65975
65927
65927
65990
65990
66029
66029
65966
65948
65948
65966
65957
65957
65887
65921
65887
65971
65921
65971
65918
65918
65980
65980
65997
65891
65997
65891
65912
65912
65981
65981
65985
65985
65988
65988
65984
66045
65984
66045
65974
66024
65974
65958
66024
65958
65993
65993
65967
65967
66012
66012
65930
65930
65877
65877
65945
65945
66001
66001
66038
66038
65995
65995
66014
66014
65992
65992
65975
65975
65963
65963
65983
65953
65983
65953
65968
65968
65972
65972
65951
65951
65962
65962
65966
65966
65957
65957
65978
65978
66000
66000
65965
65965
65981
65981
66015
66015
65911
65911
65987
65987
65991
65991
65973
65973
65979
65979
65954
65954
66030
66030
65890
65890
66028
66028
65980
65980
65945
66007
66007
65945
65950
65998
65995
65998
65995
65950
66003
66003
66013
66013
65988
65988
65999
65999
66018
66018
66002
65982
66002
65982
65990
65990
66033
66033
66017
66017
66001
66001
66020
66020
66029
65994
66029
65994
65877
66010
66010
65877
66026
66026
66027
66027
66037
66037
65993
65993
66021
66021
66006
66006
66022
66022
66014
66014
66009
66009
66019
66019
66025
66025
66011
66011
66035
66035
66070
66070
66063
66063
66068
66068
66062
66062
66048
66048
66192
66192
66185
66185
66147
66147
66169
66169
66178
66178
66191
66191
66176
66176
66148
66148
66143
66143
66155
66155
66183
66183
66166
66170
66170
66166
66157
66157
66173
66173
66144
66144
66158
66158
66187
66187
66182
66182
66174
66174
66168
66168
66188
66188
66177
66177
66165
66165
66189
66189
66160
66160
66150
66150
66181
66181
66193
66193
66151
66151
65890
65877
65945
65911
65966
65950
65957
66025
66026
66151
66166
66193
66396
66412
66563
66575
66574
66569
66605
66583
66559
66576
66596
66610
66599
66560
66578
66549
66611
66572
66604
66590
66547
66627
66625
66571
66567
66587
66616
66622
66584
66589
66555
66586
66601
66624
66595
66612
66614
66646
66606
66618
66591
66626
66639
66597
66633
66607
66602
66615
66600
66666
66592
66663
66661
66668
66613
66636
66658
66609
66676
66656
66630
66664
66654
66617
66648
66642
66637
66662
66623
66635
66645
66643
66671
66632
66679
66696
66667
66629
66688
66652
66673
66644
66669
66670
66678
66692
66634
66680
66682
66681
66704
66650
66657
66698
66705
66672
66683
66685
66689
66724
66695
66711
66675
66702
66677
66708
66660
66715
66700
66690
66691
66699
66721
66719
66729
66720
66735
66725
66701
66697
66731
66717
66693
66722
66728
66756
66706
66712
66707
66716
66740
66726
66742
66746
66748
66736
66745
66759
66749
66771
66713
66741
66787
66738
66744
66766
66774
66734
66760
66792
66747
66765
66778
66769
66732
66789
66727
66867
66869
66888
66912
66913
66911
66896
66914
66898
66893
66878
66870
66876
66874
66880
66903
66883
66891
66908
66910
66889
66899
66894
66906
66863
66822
66832
66864
66823
66827
66840
66845
66844
66821
66839
66848
66857
66818
66858
66859
66866
66838
66883
66853
66888
66872
66849
66874
66870
66873
66856
66824
66855
66989
66973
66996
66984
67006
66978
66998
67001
66991
67014
67020
67011
66987
66992
67008
66979
66999
66986
67000
67013
66926
66924
66931
66915
66939
66932
66923
66936
66962
66953
66955
66967
66968
66922
66917
66937
66934
66951
66940
66957
66989
66965
67093
67070
67100
67078
67072
67096
67103
67102
67069
67086
67087
67084
67107
67099
67080
67077
67095
67092
66896
66899
66895
66900
66902
66906
66904
66964
66954
66946
66963
66961
67180
67198
67195
67183
67199
67210
67208
67194
67192
67205
67202
67197
67227
67203
67216
67228
67217
67240
67219
67234
67249
67250
67231
67244
67235
67241
67243
67256
67255
67254
67268
67257
67252
67253
67245
67319
67308
67910
67909
67900
67920
67917
67911
67921
67928
67922
67942
67943
67947
67938
67951
67949
67929
67935
67957
67952
67936
67965
67946
67960
67944
67955
67966
67970
67975
67976
67968
67978
67972
67980
67986
67998
67984
67971
67996
68000
67999
67993
67997
67991
68008
68003
68005
68015
67995
68026
68006
68007
68031
68022
68011
68014
68036
68028
68034
68030
68024
68038
68046
68035
68039
68042
68054
68043
68032
68041
68069
68070
68064
68052
68055
68057
68078
68066
68067
68073
68076
68071
68074
68084
68087
68104
68103
68101
68094
68107
68106
68097
68092
68108
68115
68101
68125
68098
68103
68122
68128
68123
68117
68185
68177
69899
69905
69908
69907
69916
69921
69928
69919
69926
69933
69931
69936
69950
69943
69969
69977
69975
69967
69974
69981
70003
70004
70006
69993
70009
70015
70017
70034
70026
70040
70036
70046
70037
70039
70052
70063
70053
70054
70058
70085
70069
70094
70080
70098
70083
70112
70109
70110
70120
70117
70131
70133
70143
70146
70149
70135
70137
70154
70156
70158
70151
70168
70166
70182
70189
70179
70198
70201
70218
70205
70221
70219
70227
70213
70226
70232
70229
70255
70249
70247
70259
70262
70253
70270
70261
70273
70278
70280
70287
70284
70297
70283
70290
70301
70302
70307
70316
70328
70320
70322
70341
70331
70334
70327
70350
70343
70352
70349
70351
70375
70365
70376
70387
70398
70399
70394
70388
70405
70403
70422
70423
70412
70427
70432
70424
70426
70429
70418
70445
70449
70465
70473
70470
70464
70469
70483
70478
70497
70498
70488
71881
71901
71898
71882
71903
71892
71884
80794
80796
80828
80795
80854
80843
80821
80841
80851
80837
80868
80825
80865
80850
80863
80817
80835
80861
80888
80886
80853
80834
80840
80844
80832
80869
80880
80954
80811
80799
80816
80810
80802
80812
80889
80891
80881
80875
80886
80879
80885
80794
80905
80806
80809
80888
80831
80894
80801
80898
80797
80803
80801
80810
80840
80845
80852
80838
80848
80847
80856
80849
80842
80850
80851
80839
80854
80857
80844
80855
80853
80841
80846
80858
80843
68236
68294
68356
68362
68355
68345
68364
68204
68337
68367
68365
68197
68359
68380
68116
68134
68139
68153
68146
68116
68173
68181
68165
68155
68187
68169
68192
68194
68126
68236
68095
68134
68151
68138
68114
68248
68253
68230
68228
68241
68219
68232
68098
68094
68213
68250
68220
68258
68101
68235
68092
68296
68284
68275
68197
68204
68295
68280
68236
68299
68116
68316
68325
68313
68191
68304
68315
68320
68329
68334
68345
68354
68364
68355
68351
68361
68377
68393
68389
68392
68400
68381
68294
68374
68262
68283
68281
68191
68292
68280
68236
68213
68284
68242
68116
68287
68277
68236
68197
68294
68204
68294
68097
68262
68204
68238
68236
68293
68247
68273
68235
68246
68254
68249
68197
68314
68236
68291
68306
68298
68275
68285
68289
68308
68191
68253
68305
68297
68301
68288
68321
68295
68299
68257
68302
68311
68318
68296
68319
68260
68312
68327
68263
68309
68262
68191
68313
68256
68310
68338
68270
68340
68252
68320
68265
68105
68100
68337
68104
68102
68332
68344
68110
68106
68113
68095
68119
68345
68122
68342
68116
68341
68123
68115
68348
68097
68352
68399
68167
68388
68170
68179
68391
68387
68168
68393
68389
68178
68396
68166
68406
68407
68430
68437
68436
68105
68450
68442
68092
68445
68103
68422
68449
68109
68100
68448
68097
68452
68115
68116
68461
68447
68120
68116
68299
